County;Normal Charging Point;Fast Charging Point;Total;Year
Landkreis Alb-Donau-Kreis;12;8;20;2017
Landkreis Biberach;4;4;8;2017
Landkreis Böblingen;7;12;19;2017
Landkreis Bodenseekreis;68;0;68;2017
Landkreis Breisgau-Hochschwarzwald;30;6;36;2017
Landkreis Calw;2;0;2;2017
Landkreis Emmendingen;6;0;6;2017
Landkreis Enzkreis;2;4;6;2017
Landkreis Esslingen;21;2;23;2017
Landkreis Freudenstadt;6;0;6;2017
Landkreis Göppingen;4;9;13;2017
Landkreis Heidenheim;11;10;21;2017
Landkreis Heilbronn;9;16;25;2017
Landkreis Hohenlohekreis;0;8;8;2017
Landkreis Karlsruhe;117;6;123;2017
Landkreis Konstanz;7;1;8;2017
Landkreis Lörrach;48;2;50;2017
Landkreis Ludwigsburg;38;7;45;2017
Landkreis Main-Tauber-Kreis;16;2;18;2017
Landkreis Neckar-Odenwald-Kreis;0;0;0;2017
Landkreis Ortenaukreis;20;18;38;2017
Landkreis Ostalbkreis;23;0;23;2017
Landkreis Rastatt;0;4;4;2017
Landkreis Ravensburg;14;2;16;2017
Landkreis Rems-Murr-Kreis;27;2;29;2017
Landkreis Reutlingen;14;0;14;2017
Landkreis Rhein-Neckar-Kreis;8;24;32;2017
Landkreis Rottweil;5;0;5;2017
Landkreis Schwäbisch Hall;2;4;6;2017
Landkreis Schwarzwald-Baar-Kreis;23;2;25;2017
Landkreis Sigmaringen;2;0;2;2017
Landkreis Tübingen;14;2;16;2017
Landkreis Tuttlingen;2;0;2;2017
Landkreis Waldshut;44;2;46;2017
Landkreis Zollernalbkreis;0;0;0;2017
Stadtkreis Baden-Baden;2;0;2;2017
Stadtkreis Freiburg im Breisgau;20;0;20;2017
Stadtkreis Heidelberg;14;0;14;2017
Stadtkreis Heilbronn;4;2;6;2017
Stadtkreis Karlsruhe;2;0;2;2017
Stadtkreis Mannheim;7;0;7;2017
Stadtkreis Pforzheim;0;0;0;2017
Stadtkreis Stuttgart;15;0;15;2017
Stadtkreis Ulm;80;0;80;2017
Kreisfreie Stadt Amberg;0;0;0;2017
Kreisfreie Stadt Ansbach;4;0;4;2017
Kreisfreie Stadt Aschaffenburg;0;0;0;2017
Kreisfreie Stadt Augsburg;25;5;30;2017
Kreisfreie Stadt Bamberg;3;0;3;2017
Kreisfreie Stadt Bayreuth;4;0;4;2017
Kreisfreie Stadt Coburg;0;0;0;2017
Kreisfreie Stadt Erlangen;5;4;9;2017
Kreisfreie Stadt Fürth;14;0;14;2017
Kreisfreie Stadt Hof;2;0;2;2017
Kreisfreie Stadt Ingolstadt;36;4;40;2017
Kreisfreie Stadt Kaufbeuren;8;0;8;2017
Kreisfreie Stadt Kempten (Allgäu);0;0;0;2017
Kreisfreie Stadt Landshut;13;0;13;2017
Kreisfreie Stadt Memmingen;8;0;8;2017
Kreisfreie Stadt München;28;7;35;2017
Kreisfreie Stadt Nürnberg;26;0;26;2017
Kreisfreie Stadt Passau;8;6;14;2017
Kreisfreie Stadt Regensburg;46;2;48;2017
Kreisfreie Stadt Rosenheim;0;0;0;2017
Kreisfreie Stadt Schwabach;4;4;8;2017
Kreisfreie Stadt Schweinfurt;12;1;13;2017
Kreisfreie Stadt Straubing;16;1;17;2017
Kreisfreie Stadt Weiden i.d. OPf.;2;0;2;2017
Kreisfreie Stadt Würzburg;8;0;8;2017
Landkreis Aichach-Friedberg;10;0;10;2017
Landkreis Altötting;4;0;4;2017
Landkreis Amberg-Sulzbach;4;0;4;2017
Landkreis Ansbach;25;14;39;2017
Landkreis Aschaffenburg;16;4;20;2017
Landkreis Augsburg;42;5;47;2017
Landkreis Bad Kissingen;4;8;12;2017
Landkreis Bad Tölz-Wolfratshausen;5;8;13;2017
Landkreis Bamberg;12;0;12;2017
Landkreis Bayreuth;1;10;11;2017
Landkreis Berchtesgadener Land;10;3;13;2017
Landkreis Cham;34;1;35;2017
Landkreis Coburg;4;0;4;2017
Landkreis Dachau;0;2;2;2017
Landkreis Deggendorf;72;0;72;2017
Landkreis Dillingen a.d. Donau;4;0;4;2017
Landkreis Dingolfing-Landau;4;0;4;2017
Landkreis Donau-Ries;10;2;12;2017
Landkreis Ebersberg;4;0;4;2017
Landkreis Eichstätt;16;2;18;2017
Landkreis Erding;1;0;1;2017
Landkreis Erlangen-Höchstadt;16;0;16;2017
Landkreis Forchheim;6;0;6;2017
Landkreis Freising;2;2;4;2017
Landkreis Freyung-Grafenau;61;2;63;2017
Landkreis Fürstenfeldbruck;1;0;1;2017
Landkreis Fürth;15;0;15;2017
Landkreis Garmisch-Partenkirchen;6;0;6;2017
Landkreis Günzburg;22;5;27;2017
Landkreis Haßberge;2;4;6;2017
Landkreis Hof;2;8;10;2017
Landkreis Kelheim;0;0;0;2017
Landkreis Kitzingen;9;10;19;2017
Landkreis Kronach;0;0;0;2017
Landkreis Kulmbach;11;1;12;2017
Landkreis Landsberg am Lech;6;8;14;2017
Landkreis Landshut;10;2;12;2017
Landkreis Lichtenfels;0;0;0;2017
Landkreis Lindau (Bodensee);10;0;10;2017
Landkreis Main-Spessart;4;0;4;2017
Landkreis Miesbach;2;4;6;2017
Landkreis Miltenberg;0;0;0;2017
Landkreis Mühldorf a. Inn;10;0;10;2017
Landkreis München;12;6;18;2017
Landkreis Neuburg-Schrobenhausen;1;0;1;2017
Landkreis Neumarkt i.d. OPf.;31;10;41;2017
Landkreis Neustadt a.d. Aisch-Bad Windsheim;18;0;18;2017
Landkreis Neustadt a.d. Waldnaab;2;0;2;2017
Landkreis Neu-Ulm;31;0;31;2017
Landkreis Nürnberger Land;35;6;41;2017
Landkreis Oberallgäu;2;0;2;2017
Landkreis Ostallgäu;36;0;36;2017
Landkreis Passau;85;3;88;2017
Landkreis Pfaffenhofen a.d. Ilm;4;0;4;2017
Landkreis Regen;119;1;120;2017
Landkreis Regensburg;26;0;26;2017
Landkreis Rhön-Grabfeld;11;7;18;2017
Landkreis Rosenheim;13;7;20;2017
Landkreis Roth;16;2;18;2017
Landkreis Rottal-Inn;3;0;3;2017
Landkreis Schwandorf;4;2;6;2017
Landkreis Schweinfurt;6;7;13;2017
Landkreis Starnberg;3;2;5;2017
Landkreis Straubing-Bogen;69;10;79;2017
Landkreis Tirschenreuth;0;0;0;2017
Landkreis Traunstein;18;8;26;2017
Landkreis Unterallgäu;12;0;12;2017
Landkreis Weilheim-Schongau;5;1;6;2017
Landkreis Weißenburg-Gunzenhausen;5;0;5;2017
Landkreis Wunsiedel i. Fichtelgebirge;0;2;2;2017
Landkreis Würzburg;13;10;23;2017
Kreisfreie Stadt Berlin;491;16;507;2017
Kreisfreie Stadt Brandenburg an der Havel;1;0;1;2017
Kreisfreie Stadt Cottbus;0;0;0;2017
Kreisfreie Stadt Frankfurt (Oder);0;0;0;2017
Kreisfreie Stadt Potsdam;4;0;4;2017
Landkreis Barnim;2;2;4;2017
Landkreis Dahme-Spreewald;2;0;2;2017
Landkreis Elbe-Elster;0;0;0;2017
Landkreis Havelland;1;0;1;2017
Landkreis Märkisch-Oderland;0;0;0;2017
Landkreis Oberhavel;1;0;1;2017
Landkreis Oberspreewald-Lausitz;0;0;0;2017
Landkreis Oder-Spree;2;0;2;2017
Landkreis Ostprignitz-Ruppin;3;2;5;2017
Landkreis Potsdam-Mittelmark;3;4;7;2017
Landkreis Prignitz;0;0;0;2017
Landkreis Spree-Neiße;2;0;2;2017
Landkreis Teltow-Fläming;6;0;6;2017
Landkreis Uckermark;8;0;8;2017
Kreisfreie Stadt Bremen;4;0;4;2017
Kreisfreie Stadt Bremerhaven;6;0;6;2017
Kreisfreie Stadt Hamburg;314;15;329;2017
Kreisfreie Stadt Darmstadt;9;0;9;2017
Kreisfreie Stadt Frankfurt am Main;28;6;34;2017
Kreisfreie Stadt Kassel;36;0;36;2017
Kreisfreie Stadt Offenbach am Main;2;2;4;2017
Kreisfreie Stadt Wiesbaden;12;4;16;2017
Landkreis Bergstraße;4;0;4;2017
Landkreis Darmstadt-Dieburg;1;0;1;2017
Landkreis Fulda;17;2;19;2017
Landkreis Gießen;4;3;7;2017
Landkreis Groß-Gerau;6;0;6;2017
Landkreis Hersfeld-Rotenburg;11;4;15;2017
Landkreis Hochtaunuskreis;26;1;27;2017
Landkreis Kassel;44;6;50;2017
Landkreis Lahn-Dill-Kreis;4;0;4;2017
Landkreis Limburg-Weilburg;26;4;30;2017
Landkreis Main-Kinzig-Kreis;18;4;22;2017
Landkreis Main-Taunus-Kreis;17;2;19;2017
Landkreis Marburg-Biedenkopf;39;4;43;2017
Landkreis Odenwaldkreis;2;0;2;2017
Landkreis Offenbach;3;0;3;2017
Landkreis Rheingau-Taunus-Kreis;29;0;29;2017
Landkreis Schwalm-Eder-Kreis;19;2;21;2017
Landkreis Vogelsbergkreis;4;12;16;2017
Landkreis Waldeck-Frankenberg;10;0;10;2017
Landkreis Werra-Meißner-Kreis;16;0;16;2017
Landkreis Wetteraukreis;1;0;1;2017
Kreisfreie Stadt Rostock;16;0;16;2017
Kreisfreie Stadt Schwerin;0;0;0;2017
Landkreis Ludwigslust-Parchim;8;4;12;2017
Landkreis Mecklenburgische Seenplatte;7;0;7;2017
Landkreis Nordwestmecklenburg;0;2;2;2017
Landkreis Rostock;2;0;2;2017
Landkreis Vorpommern-Greifswald;16;8;24;2017
Landkreis Vorpommern-Rügen;8;2;10;2017
Kreisfreie Stadt Braunschweig;18;17;35;2017
Kreisfreie Stadt Delmenhorst;4;2;6;2017
Kreisfreie Stadt Emden;4;2;6;2017
Kreisfreie Stadt Oldenburg (Oldb);20;4;24;2017
Kreisfreie Stadt Osnabrück;2;0;2;2017
Kreisfreie Stadt Salzgitter;6;0;6;2017
Kreisfreie Stadt Wilhelmshaven;0;0;0;2017
Kreisfreie Stadt Wolfsburg;30;1;31;2017
Landkreis Ammerland;14;0;14;2017
Landkreis Aurich;12;0;12;2017
Landkreis Celle;4;1;5;2017
Landkreis Cloppenburg;10;0;10;2017
Landkreis Cuxhaven;20;0;20;2017
Landkreis Diepholz;6;0;6;2017
Landkreis Emsland;25;2;27;2017
Landkreis Friesland;11;0;11;2017
Landkreis Gifhorn;1;2;3;2017
Landkreis Goslar;16;2;18;2017
Landkreis Göttingen;43;4;47;2017
Landkreis Grafschaft Bentheim;18;2;20;2017
Landkreis Hameln-Pyrmont;0;2;2;2017
Landkreis Harburg;16;0;16;2017
Landkreis Heidekreis;16;0;16;2017
Landkreis Helmstedt;0;0;0;2017
Landkreis Hildesheim;2;0;2;2017
Landkreis Holzminden;2;0;2;2017
Landkreis Leer;14;0;14;2017
Landkreis Lüchow-Dannenberg;0;0;0;2017
Landkreis Lüneburg;5;0;5;2017
Landkreis Nienburg (Weser);0;0;0;2017
Landkreis Northeim;22;3;25;2017
Landkreis Oldenburg;1;10;11;2017
Landkreis Osnabrück;31;0;31;2017
Landkreis Osterholz;6;0;6;2017
Landkreis Peine;0;0;0;2017
Landkreis Region Hannover;38;3;41;2017
Landkreis Rotenburg (Wümme);16;2;18;2017
Landkreis Schaumburg;14;4;18;2017
Landkreis Stade;14;0;14;2017
Landkreis Uelzen;0;0;0;2017
Landkreis Vechta;11;0;11;2017
Landkreis Verden;11;0;11;2017
Landkreis Wesermarsch;5;0;5;2017
Landkreis Wittmund;10;0;10;2017
Landkreis Wolfenbüttel;0;0;0;2017
Kreis Borken;36;0;36;2017
Kreis Coesfeld;18;0;18;2017
Kreis Düren;34;0;34;2017
Kreis Ennepe-Ruhr-Kreis;32;0;32;2017
Kreis Euskirchen;26;0;26;2017
Kreis Gütersloh;4;0;4;2017
Kreis Heinsberg;9;0;9;2017
Kreis Herford;4;0;4;2017
Kreis Hochsauerlandkreis;8;0;8;2017
Kreis Höxter;10;0;10;2017
Kreis Kleve;16;0;16;2017
Kreis Lippe;30;4;34;2017
Kreis Märkischer Kreis;8;10;18;2017
Kreis Mettmann;24;2;26;2017
Kreis Minden-Lübbecke;20;0;20;2017
Kreis Oberbergischer Kreis;34;0;34;2017
Kreis Olpe;0;0;0;2017
Kreis Paderborn;10;0;10;2017
Kreis Recklinghausen;23;0;23;2017
Kreis Rhein-Erft-Kreis;35;0;35;2017
Kreis Rheinisch-Bergischer Kreis;23;0;23;2017
Kreis Rhein-Kreis Neuss;18;0;18;2017
Kreis Rhein-Sieg-Kreis;57;8;65;2017
Kreis Siegen-Wittgenstein;28;0;28;2017
Kreis Soest;4;2;6;2017
Kreis Städteregion Aachen;99;12;111;2017
Kreis Steinfurt;50;10;60;2017
Kreis Unna;22;4;26;2017
Kreis Viersen;7;0;7;2017
Kreis Warendorf;24;1;25;2017
Kreis Wesel;34;0;34;2017
Kreisfreie Stadt Bielefeld;2;4;6;2017
Kreisfreie Stadt Bochum;13;3;16;2017
Kreisfreie Stadt Bonn;4;0;4;2017
Kreisfreie Stadt Bottrop;18;0;18;2017
Kreisfreie Stadt Dortmund;103;0;103;2017
Kreisfreie Stadt Duisburg;15;0;15;2017
Kreisfreie Stadt Düsseldorf;156;0;156;2017
Kreisfreie Stadt Essen;59;0;59;2017
Kreisfreie Stadt Gelsenkirchen;16;3;19;2017
Kreisfreie Stadt Hagen;0;4;4;2017
Kreisfreie Stadt Hamm;4;8;12;2017
Kreisfreie Stadt Herne;0;0;0;2017
Kreisfreie Stadt Köln;99;0;99;2017
Kreisfreie Stadt Krefeld;0;0;0;2017
Kreisfreie Stadt Leverkusen;2;0;2;2017
Kreisfreie Stadt Mönchengladbach;0;2;2;2017
Kreisfreie Stadt Mülheim an der Ruhr;1;0;1;2017
Kreisfreie Stadt Münster;2;0;2;2017
Kreisfreie Stadt Oberhausen;16;0;16;2017
Kreisfreie Stadt Remscheid;0;4;4;2017
Kreisfreie Stadt Solingen;0;0;0;2017
Kreisfreie Stadt Wuppertal;31;0;31;2017
Kreisfreie Stadt Frankenthal (Pfalz);0;0;0;2017
Kreisfreie Stadt Kaiserslautern;4;0;4;2017
Kreisfreie Stadt Koblenz;0;2;2;2017
Kreisfreie Stadt Landau in der Pfalz;1;3;4;2017
Kreisfreie Stadt Ludwigshafen am Rhein;3;0;3;2017
Kreisfreie Stadt Mainz;3;0;3;2017
Kreisfreie Stadt Neustadt an der Weinstraße;4;0;4;2017
Kreisfreie Stadt Pirmasens;0;0;0;2017
Kreisfreie Stadt Speyer;9;4;13;2017
Kreisfreie Stadt Trier;22;0;22;2017
Kreisfreie Stadt Worms;4;1;5;2017
Kreisfreie Stadt Zweibrücken;0;0;0;2017
Landkreis Ahrweiler;4;0;4;2017
Landkreis Altenkirchen (Westerwald);7;0;7;2017
Landkreis Alzey-Worms;2;0;2;2017
Landkreis Bad Dürkheim;0;0;0;2017
Landkreis Bad Kreuznach;2;2;4;2017
Landkreis Bernkastel-Wittlich;10;0;10;2017
Landkreis Birkenfeld;0;0;0;2017
Landkreis Cochem-Zell;4;0;4;2017
Landkreis Donnersbergkreis;2;0;2;2017
Landkreis Eifelkreis Bitburg-Prüm;14;0;14;2017
Landkreis Germersheim;0;0;0;2017
Landkreis Kaiserslautern;1;0;1;2017
Landkreis Kusel;0;0;0;2017
Landkreis Mainz-Bingen;13;0;13;2017
Landkreis Mayen-Koblenz;12;0;12;2017
Landkreis Neuwied;12;18;30;2017
Landkreis Rhein-Hunsrück-Kreis;10;0;10;2017
Landkreis Rhein-Lahn-Kreis;6;0;6;2017
Landkreis Rhein-Pfalz-Kreis;3;0;3;2017
Landkreis Südliche Weinstraße;0;0;0;2017
Landkreis Südwestpfalz;0;0;0;2017
Landkreis Trier-Saarburg;16;0;16;2017
Landkreis Vulkaneifel;11;0;11;2017
Landkreis Westerwaldkreis;2;0;2;2017
Landkreis Merzig-Wadern;0;0;0;2017
Landkreis Neunkirchen;10;0;10;2017
Landkreis Regionalverband Saarbrücken;4;0;4;2017
Landkreis Saarlouis;0;0;0;2017
Landkreis Saarpfalz-Kreis;4;0;4;2017
Landkreis St. Wendel;0;0;0;2017
Kreisfreie Stadt Chemnitz;29;0;29;2017
Kreisfreie Stadt Dresden;6;0;6;2017
Kreisfreie Stadt Leipzig;78;0;78;2017
Landkreis Bautzen;2;0;2;2017
Landkreis Erzgebirgskreis;13;0;13;2017
Landkreis Görlitz;6;0;6;2017
Landkreis Leipzig;15;0;15;2017
Landkreis Meißen;10;2;12;2017
Landkreis Mittelsachsen;8;0;8;2017
Landkreis Nordsachsen;3;6;9;2017
Landkreis Sächsische Schweiz-Osterzgebirge;2;0;2;2017
Landkreis Vogtlandkreis;15;0;15;2017
Landkreis Zwickau;8;0;8;2017
Kreisfreie Stadt Dessau-Roßlau;0;2;2;2017
Kreisfreie Stadt Halle (Saale);31;0;31;2017
Kreisfreie Stadt Magdeburg;6;6;12;2017
Landkreis Altmarkkreis Salzwedel;0;0;0;2017
Landkreis Anhalt-Bitterfeld;0;8;8;2017
Landkreis Börde;0;2;2;2017
Landkreis Burgenlandkreis;0;6;6;2017
Landkreis Harz;0;4;4;2017
Landkreis Jerichower Land;0;2;2;2017
Landkreis Mansfeld-Südharz;4;0;4;2017
Landkreis Saalekreis;6;1;7;2017
Landkreis Salzlandkreis;0;8;8;2017
Landkreis Stendal;0;0;0;2017
Landkreis Wittenberg;4;0;4;2017
Kreis Dithmarschen;20;2;22;2017
Kreis Herzogtum Lauenburg;14;1;15;2017
Kreis Nordfriesland;47;12;59;2017
Kreis Ostholstein;16;5;21;2017
Kreis Pinneberg;14;5;19;2017
Kreis Plön;4;0;4;2017
Kreis Rendsburg-Eckernförde;15;3;18;2017
Kreis Schleswig-Flensburg;14;0;14;2017
Kreis Segeberg;23;0;23;2017
Kreis Steinburg;0;0;0;2017
Kreis Stormarn;0;5;5;2017
Kreisfreie Stadt Flensburg;1;2;3;2017
Kreisfreie Stadt Kiel;28;0;28;2017
Kreisfreie Stadt Lübeck;14;0;14;2017
Kreisfreie Stadt Neumünster;9;0;9;2017
Kreisfreie Stadt Eisenach;10;0;10;2017
Kreisfreie Stadt Erfurt;8;1;9;2017
Kreisfreie Stadt Gera;0;0;0;2017
Kreisfreie Stadt Jena;16;2;18;2017
Kreisfreie Stadt Suhl;4;0;4;2017
Kreisfreie Stadt Weimar;3;0;3;2017
Landkreis Altenburger Land;8;0;8;2017
Landkreis Eichsfeld;11;9;20;2017
Landkreis Gotha;0;0;0;2017
Landkreis Greiz;2;0;2;2017
Landkreis Hildburghausen;0;2;2;2017
Landkreis Ilm-Kreis;0;8;8;2017
Landkreis Kyffhäuserkreis;0;0;0;2017
Landkreis Nordhausen;2;0;2;2017
Landkreis Saale-Holzland-Kreis;6;8;14;2017
Landkreis Saale-Orla-Kreis;0;0;0;2017
Landkreis Saalfeld-Rudolstadt;2;0;2;2017
Landkreis Schmalkalden-Meiningen;9;0;9;2017
Landkreis Sömmerda;0;0;0;2017
Landkreis Sonneberg;0;0;0;2017
Landkreis Unstrut-Hainich-Kreis;4;0;4;2017
Landkreis Wartburgkreis;2;0;2;2017
Landkreis Weimarer Land;0;0;0;2017
Landkreis Alb-Donau-Kreis;12;8;20;2017
Landkreis Biberach;4;4;8;2017
Landkreis Böblingen;7;12;19;2017
Landkreis Bodenseekreis;68;0;68;2017
Landkreis Breisgau-Hochschwarzwald;30;6;36;2017
Landkreis Calw;2;0;2;2017
Landkreis Emmendingen;6;0;6;2017
Landkreis Enzkreis;2;4;6;2017
Landkreis Esslingen;21;2;23;2017
Landkreis Freudenstadt;6;0;6;2017
Landkreis Göppingen;4;9;13;2017
Landkreis Heidenheim;11;10;21;2017
Landkreis Heilbronn;9;16;25;2017
Landkreis Hohenlohekreis;0;8;8;2017
Landkreis Karlsruhe;117;6;123;2017
Landkreis Konstanz;7;1;8;2017
Landkreis Lörrach;48;2;50;2017
Landkreis Ludwigsburg;38;7;45;2017
Landkreis Main-Tauber-Kreis;16;2;18;2017
Landkreis Neckar-Odenwald-Kreis;0;0;0;2017
Landkreis Ortenaukreis;20;18;38;2017
Landkreis Ostalbkreis;23;0;23;2017
Landkreis Rastatt;0;4;4;2017
Landkreis Ravensburg;14;2;16;2017
Landkreis Rems-Murr-Kreis;27;2;29;2017
Landkreis Reutlingen;14;0;14;2017
Landkreis Rhein-Neckar-Kreis;8;24;32;2017
Landkreis Rottweil;5;0;5;2017
Landkreis Schwäbisch Hall;2;4;6;2017
Landkreis Schwarzwald-Baar-Kreis;23;2;25;2017
Landkreis Sigmaringen;2;0;2;2017
Landkreis Tübingen;14;2;16;2017
Landkreis Tuttlingen;2;0;2;2017
Landkreis Waldshut;44;2;46;2017
Landkreis Zollernalbkreis;0;0;0;2017
Stadtkreis Baden-Baden;2;0;2;2017
Stadtkreis Freiburg im Breisgau;20;0;20;2017
Stadtkreis Heidelberg;14;0;14;2017
Stadtkreis Heilbronn;4;2;6;2017
Stadtkreis Karlsruhe;2;0;2;2017
Stadtkreis Mannheim;7;0;7;2017
Stadtkreis Pforzheim;0;0;0;2017
Stadtkreis Stuttgart;15;0;15;2017
Stadtkreis Ulm;80;0;80;2017
Kreisfreie Stadt Amberg;0;0;0;2017
Kreisfreie Stadt Ansbach;4;0;4;2017
Kreisfreie Stadt Aschaffenburg;0;0;0;2017
Kreisfreie Stadt Augsburg;25;5;30;2017
Kreisfreie Stadt Bamberg;3;0;3;2017
Kreisfreie Stadt Bayreuth;4;0;4;2017
Kreisfreie Stadt Coburg;0;0;0;2017
Kreisfreie Stadt Erlangen;5;4;9;2017
Kreisfreie Stadt Fürth;14;0;14;2017
Kreisfreie Stadt Hof;2;0;2;2017
Kreisfreie Stadt Ingolstadt;36;4;40;2017
Kreisfreie Stadt Kaufbeuren;8;0;8;2017
Kreisfreie Stadt Kempten (Allgäu);0;0;0;2017
Kreisfreie Stadt Landshut;13;0;13;2017
Kreisfreie Stadt Memmingen;8;0;8;2017
Kreisfreie Stadt München;28;7;35;2017
Kreisfreie Stadt Nürnberg;26;0;26;2017
Kreisfreie Stadt Passau;8;6;14;2017
Kreisfreie Stadt Regensburg;46;2;48;2017
Kreisfreie Stadt Rosenheim;0;0;0;2017
Kreisfreie Stadt Schwabach;4;4;8;2017
Kreisfreie Stadt Schweinfurt;12;1;13;2017
Kreisfreie Stadt Straubing;16;1;17;2017
Kreisfreie Stadt Weiden i.d. OPf.;2;0;2;2017
Kreisfreie Stadt Würzburg;8;0;8;2017
Landkreis Aichach-Friedberg;10;0;10;2017
Landkreis Altötting;4;0;4;2017
Landkreis Amberg-Sulzbach;4;0;4;2017
Landkreis Ansbach;25;14;39;2017
Landkreis Aschaffenburg;16;4;20;2017
Landkreis Augsburg;42;5;47;2017
Landkreis Bad Kissingen;4;8;12;2017
Landkreis Bad Tölz-Wolfratshausen;5;8;13;2017
Landkreis Bamberg;12;0;12;2017
Landkreis Bayreuth;1;10;11;2017
Landkreis Berchtesgadener Land;10;3;13;2017
Landkreis Cham;34;1;35;2017
Landkreis Coburg;4;0;4;2017
Landkreis Dachau;0;2;2;2017
Landkreis Deggendorf;72;0;72;2017
Landkreis Dillingen a.d. Donau;4;0;4;2017
Landkreis Dingolfing-Landau;4;0;4;2017
Landkreis Donau-Ries;10;2;12;2017
Landkreis Ebersberg;4;0;4;2017
Landkreis Eichstätt;16;2;18;2017
Landkreis Erding;1;0;1;2017
Landkreis Erlangen-Höchstadt;16;0;16;2017
Landkreis Forchheim;6;0;6;2017
Landkreis Freising;2;2;4;2017
Landkreis Freyung-Grafenau;61;2;63;2017
Landkreis Fürstenfeldbruck;1;0;1;2017
Landkreis Fürth;15;0;15;2017
Landkreis Garmisch-Partenkirchen;6;0;6;2017
Landkreis Günzburg;22;5;27;2017
Landkreis Haßberge;2;4;6;2017
Landkreis Hof;2;8;10;2017
Landkreis Kelheim;0;0;0;2017
Landkreis Kitzingen;9;10;19;2017
Landkreis Kronach;0;0;0;2017
Landkreis Kulmbach;11;1;12;2017
Landkreis Landsberg am Lech;6;8;14;2017
Landkreis Landshut;10;2;12;2017
Landkreis Lichtenfels;0;0;0;2017
Landkreis Lindau (Bodensee);10;0;10;2017
Landkreis Main-Spessart;4;0;4;2017
Landkreis Miesbach;2;4;6;2017
Landkreis Miltenberg;0;0;0;2017
Landkreis Mühldorf a. Inn;10;0;10;2017
Landkreis München;12;6;18;2017
Landkreis Neuburg-Schrobenhausen;1;0;1;2017
Landkreis Neumarkt i.d. OPf.;31;10;41;2017
Landkreis Neustadt a.d. Aisch-Bad Windsheim;18;0;18;2017
Landkreis Neustadt a.d. Waldnaab;2;0;2;2017
Landkreis Neu-Ulm;31;0;31;2017
Landkreis Nürnberger Land;35;6;41;2017
Landkreis Oberallgäu;2;0;2;2017
Landkreis Ostallgäu;36;0;36;2017
Landkreis Passau;85;3;88;2017
Landkreis Pfaffenhofen a.d. Ilm;4;0;4;2017
Landkreis Regen;119;1;120;2017
Landkreis Regensburg;26;0;26;2017
Landkreis Rhön-Grabfeld;11;7;18;2017
Landkreis Rosenheim;13;7;20;2017
Landkreis Roth;16;2;18;2017
Landkreis Rottal-Inn;3;0;3;2017
Landkreis Schwandorf;4;2;6;2017
Landkreis Schweinfurt;6;7;13;2017
Landkreis Starnberg;3;2;5;2017
Landkreis Straubing-Bogen;69;10;79;2017
Landkreis Tirschenreuth;0;0;0;2017
Landkreis Traunstein;18;8;26;2017
Landkreis Unterallgäu;12;0;12;2017
Landkreis Weilheim-Schongau;5;1;6;2017
Landkreis Weißenburg-Gunzenhausen;5;0;5;2017
Landkreis Wunsiedel i. Fichtelgebirge;0;2;2;2017
Landkreis Würzburg;13;10;23;2017
Kreisfreie Stadt Berlin;491;16;507;2017
Kreisfreie Stadt Brandenburg an der Havel;1;0;1;2017
Kreisfreie Stadt Cottbus;0;0;0;2017
Kreisfreie Stadt Frankfurt (Oder);0;0;0;2017
Kreisfreie Stadt Potsdam;4;0;4;2017
Landkreis Barnim;2;2;4;2017
Landkreis Dahme-Spreewald;2;0;2;2017
Landkreis Elbe-Elster;0;0;0;2017
Landkreis Havelland;1;0;1;2017
Landkreis Märkisch-Oderland;0;0;0;2017
Landkreis Oberhavel;1;0;1;2017
Landkreis Oberspreewald-Lausitz;0;0;0;2017
Landkreis Oder-Spree;2;0;2;2017
Landkreis Ostprignitz-Ruppin;3;2;5;2017
Landkreis Potsdam-Mittelmark;3;4;7;2017
Landkreis Prignitz;0;0;0;2017
Landkreis Spree-Neiße;2;0;2;2017
Landkreis Teltow-Fläming;6;0;6;2017
Landkreis Uckermark;8;0;8;2017
Kreisfreie Stadt Bremen;4;0;4;2017
Kreisfreie Stadt Bremerhaven;6;0;6;2017
Kreisfreie Stadt Hamburg;314;15;329;2017
Kreisfreie Stadt Darmstadt;9;0;9;2017
Kreisfreie Stadt Frankfurt am Main;28;6;34;2017
Kreisfreie Stadt Kassel;36;0;36;2017
Kreisfreie Stadt Offenbach am Main;2;2;4;2017
Kreisfreie Stadt Wiesbaden;12;4;16;2017
Landkreis Bergstraße;4;0;4;2017
Landkreis Darmstadt-Dieburg;1;0;1;2017
Landkreis Fulda;17;2;19;2017
Landkreis Gießen;4;3;7;2017
Landkreis Groß-Gerau;6;0;6;2017
Landkreis Hersfeld-Rotenburg;11;4;15;2017
Landkreis Hochtaunuskreis;26;1;27;2017
Landkreis Kassel;44;6;50;2017
Landkreis Lahn-Dill-Kreis;4;0;4;2017
Landkreis Limburg-Weilburg;26;4;30;2017
Landkreis Main-Kinzig-Kreis;18;4;22;2017
Landkreis Main-Taunus-Kreis;17;2;19;2017
Landkreis Marburg-Biedenkopf;39;4;43;2017
Landkreis Odenwaldkreis;2;0;2;2017
Landkreis Offenbach;3;0;3;2017
Landkreis Rheingau-Taunus-Kreis;29;0;29;2017
Landkreis Schwalm-Eder-Kreis;19;2;21;2017
Landkreis Vogelsbergkreis;4;12;16;2017
Landkreis Waldeck-Frankenberg;10;0;10;2017
Landkreis Werra-Meißner-Kreis;16;0;16;2017
Landkreis Wetteraukreis;1;0;1;2017
Kreisfreie Stadt Rostock;16;0;16;2017
Kreisfreie Stadt Schwerin;0;0;0;2017
Landkreis Ludwigslust-Parchim;8;4;12;2017
Landkreis Mecklenburgische Seenplatte;7;0;7;2017
Landkreis Nordwestmecklenburg;0;2;2;2017
Landkreis Rostock;2;0;2;2017
Landkreis Vorpommern-Greifswald;16;8;24;2017
Landkreis Vorpommern-Rügen;8;2;10;2017
Kreisfreie Stadt Braunschweig;18;17;35;2017
Kreisfreie Stadt Delmenhorst;4;2;6;2017
Kreisfreie Stadt Emden;4;2;6;2017
Kreisfreie Stadt Oldenburg (Oldb);20;4;24;2017
Kreisfreie Stadt Osnabrück;2;0;2;2017
Kreisfreie Stadt Salzgitter;6;0;6;2017
Kreisfreie Stadt Wilhelmshaven;0;0;0;2017
Kreisfreie Stadt Wolfsburg;30;1;31;2017
Landkreis Ammerland;14;0;14;2017
Landkreis Aurich;12;0;12;2017
Landkreis Celle;4;1;5;2017
Landkreis Cloppenburg;10;0;10;2017
Landkreis Cuxhaven;20;0;20;2017
Landkreis Diepholz;6;0;6;2017
Landkreis Emsland;25;2;27;2017
Landkreis Friesland;11;0;11;2017
Landkreis Gifhorn;1;2;3;2017
Landkreis Goslar;16;2;18;2017
Landkreis Göttingen;43;4;47;2017
Landkreis Grafschaft Bentheim;18;2;20;2017
Landkreis Hameln-Pyrmont;0;2;2;2017
Landkreis Harburg;16;0;16;2017
Landkreis Heidekreis;16;0;16;2017
Landkreis Helmstedt;0;0;0;2017
Landkreis Hildesheim;2;0;2;2017
Landkreis Holzminden;2;0;2;2017
Landkreis Leer;14;0;14;2017
Landkreis Lüchow-Dannenberg;0;0;0;2017
Landkreis Lüneburg;5;0;5;2017
Landkreis Nienburg (Weser);0;0;0;2017
Landkreis Northeim;22;3;25;2017
Landkreis Oldenburg;1;10;11;2017
Landkreis Osnabrück;31;0;31;2017
Landkreis Osterholz;6;0;6;2017
Landkreis Peine;0;0;0;2017
Landkreis Region Hannover;38;3;41;2017
Landkreis Rotenburg (Wümme);16;2;18;2017
Landkreis Schaumburg;14;4;18;2017
Landkreis Stade;14;0;14;2017
Landkreis Uelzen;0;0;0;2017
Landkreis Vechta;11;0;11;2017
Landkreis Verden;11;0;11;2017
Landkreis Wesermarsch;5;0;5;2017
Landkreis Wittmund;10;0;10;2017
Landkreis Wolfenbüttel;0;0;0;2017
Kreis Borken;36;0;36;2017
Kreis Coesfeld;18;0;18;2017
Kreis Düren;34;0;34;2017
Kreis Ennepe-Ruhr-Kreis;32;0;32;2017
Kreis Euskirchen;26;0;26;2017
Kreis Gütersloh;4;0;4;2017
Kreis Heinsberg;9;0;9;2017
Kreis Herford;4;0;4;2017
Kreis Hochsauerlandkreis;8;0;8;2017
Kreis Höxter;10;0;10;2017
Kreis Kleve;16;0;16;2017
Kreis Lippe;30;4;34;2017
Kreis Märkischer Kreis;8;10;18;2017
Kreis Mettmann;24;2;26;2017
Kreis Minden-Lübbecke;20;0;20;2017
Kreis Oberbergischer Kreis;34;0;34;2017
Kreis Olpe;0;0;0;2017
Kreis Paderborn;10;0;10;2017
Kreis Recklinghausen;23;0;23;2017
Kreis Rhein-Erft-Kreis;35;0;35;2017
Kreis Rheinisch-Bergischer Kreis;23;0;23;2017
Kreis Rhein-Kreis Neuss;18;0;18;2017
Kreis Rhein-Sieg-Kreis;57;8;65;2017
Kreis Siegen-Wittgenstein;28;0;28;2017
Kreis Soest;4;2;6;2017
Kreis Städteregion Aachen;99;12;111;2017
Kreis Steinfurt;50;10;60;2017
Kreis Unna;22;4;26;2017
Kreis Viersen;7;0;7;2017
Kreis Warendorf;24;1;25;2017
Kreis Wesel;34;0;34;2017
Kreisfreie Stadt Bielefeld;2;4;6;2017
Kreisfreie Stadt Bochum;13;3;16;2017
Kreisfreie Stadt Bonn;4;0;4;2017
Kreisfreie Stadt Bottrop;18;0;18;2017
Kreisfreie Stadt Dortmund;103;0;103;2017
Kreisfreie Stadt Duisburg;15;0;15;2017
Kreisfreie Stadt Düsseldorf;156;0;156;2017
Kreisfreie Stadt Essen;59;0;59;2017
Kreisfreie Stadt Gelsenkirchen;16;3;19;2017
Kreisfreie Stadt Hagen;0;4;4;2017
Kreisfreie Stadt Hamm;4;8;12;2017
Kreisfreie Stadt Herne;0;0;0;2017
Kreisfreie Stadt Köln;99;0;99;2017
Kreisfreie Stadt Krefeld;0;0;0;2017
Kreisfreie Stadt Leverkusen;2;0;2;2017
Kreisfreie Stadt Mönchengladbach;0;2;2;2017
Kreisfreie Stadt Mülheim an der Ruhr;1;0;1;2017
Kreisfreie Stadt Münster;2;0;2;2017
Kreisfreie Stadt Oberhausen;16;0;16;2017
Kreisfreie Stadt Remscheid;0;4;4;2017
Kreisfreie Stadt Solingen;0;0;0;2017
Kreisfreie Stadt Wuppertal;31;0;31;2017
Kreisfreie Stadt Frankenthal (Pfalz);0;0;0;2017
Kreisfreie Stadt Kaiserslautern;4;0;4;2017
Kreisfreie Stadt Koblenz;0;2;2;2017
Kreisfreie Stadt Landau in der Pfalz;1;3;4;2017
Kreisfreie Stadt Ludwigshafen am Rhein;3;0;3;2017
Kreisfreie Stadt Mainz;3;0;3;2017
Kreisfreie Stadt Neustadt an der Weinstraße;4;0;4;2017
Kreisfreie Stadt Pirmasens;0;0;0;2017
Kreisfreie Stadt Speyer;9;4;13;2017
Kreisfreie Stadt Trier;22;0;22;2017
Kreisfreie Stadt Worms;4;1;5;2017
Kreisfreie Stadt Zweibrücken;0;0;0;2017
Landkreis Ahrweiler;4;0;4;2017
Landkreis Altenkirchen (Westerwald);7;0;7;2017
Landkreis Alzey-Worms;2;0;2;2017
Landkreis Bad Dürkheim;0;0;0;2017
Landkreis Bad Kreuznach;2;2;4;2017
Landkreis Bernkastel-Wittlich;10;0;10;2017
Landkreis Birkenfeld;0;0;0;2017
Landkreis Cochem-Zell;4;0;4;2017
Landkreis Donnersbergkreis;2;0;2;2017
Landkreis Eifelkreis Bitburg-Prüm;14;0;14;2017
Landkreis Germersheim;0;0;0;2017
Landkreis Kaiserslautern;1;0;1;2017
Landkreis Kusel;0;0;0;2017
Landkreis Mainz-Bingen;13;0;13;2017
Landkreis Mayen-Koblenz;12;0;12;2017
Landkreis Neuwied;12;18;30;2017
Landkreis Rhein-Hunsrück-Kreis;10;0;10;2017
Landkreis Rhein-Lahn-Kreis;6;0;6;2017
Landkreis Rhein-Pfalz-Kreis;3;0;3;2017
Landkreis Südliche Weinstraße;0;0;0;2017
Landkreis Südwestpfalz;0;0;0;2017
Landkreis Trier-Saarburg;16;0;16;2017
Landkreis Vulkaneifel;11;0;11;2017
Landkreis Westerwaldkreis;2;0;2;2017
Landkreis Merzig-Wadern;0;0;0;2017
Landkreis Neunkirchen;10;0;10;2017
Landkreis Regionalverband Saarbrücken;4;0;4;2017
Landkreis Saarlouis;0;0;0;2017
Landkreis Saarpfalz-Kreis;4;0;4;2017
Landkreis St. Wendel;0;0;0;2017
Kreisfreie Stadt Chemnitz;29;0;29;2017
Kreisfreie Stadt Dresden;6;0;6;2017
Kreisfreie Stadt Leipzig;78;0;78;2017
Landkreis Bautzen;2;0;2;2017
Landkreis Erzgebirgskreis;13;0;13;2017
Landkreis Görlitz;6;0;6;2017
Landkreis Leipzig;15;0;15;2017
Landkreis Meißen;10;2;12;2017
Landkreis Mittelsachsen;8;0;8;2017
Landkreis Nordsachsen;3;6;9;2017
Landkreis Sächsische Schweiz-Osterzgebirge;2;0;2;2017
Landkreis Vogtlandkreis;15;0;15;2017
Landkreis Zwickau;8;0;8;2017
Kreisfreie Stadt Dessau-Roßlau;0;2;2;2017
Kreisfreie Stadt Halle (Saale);31;0;31;2017
Kreisfreie Stadt Magdeburg;6;6;12;2017
Landkreis Altmarkkreis Salzwedel;0;0;0;2017
Landkreis Anhalt-Bitterfeld;0;8;8;2017
Landkreis Börde;0;2;2;2017
Landkreis Burgenlandkreis;0;6;6;2017
Landkreis Harz;0;4;4;2017
Landkreis Jerichower Land;0;2;2;2017
Landkreis Mansfeld-Südharz;4;0;4;2017
Landkreis Saalekreis;6;1;7;2017
Landkreis Salzlandkreis;0;8;8;2017
Landkreis Stendal;0;0;0;2017
Landkreis Wittenberg;4;0;4;2017
Kreis Dithmarschen;20;2;22;2017
Kreis Herzogtum Lauenburg;14;1;15;2017
Kreis Nordfriesland;47;12;59;2017
Kreis Ostholstein;16;5;21;2017
Kreis Pinneberg;14;5;19;2017
Kreis Plön;4;0;4;2017
Kreis Rendsburg-Eckernförde;15;3;18;2017
Kreis Schleswig-Flensburg;14;0;14;2017
Kreis Segeberg;23;0;23;2017
Kreis Steinburg;0;0;0;2017
Kreis Stormarn;0;5;5;2017
Kreisfreie Stadt Flensburg;1;2;3;2017
Kreisfreie Stadt Kiel;28;0;28;2017
Kreisfreie Stadt Lübeck;14;0;14;2017
Kreisfreie Stadt Neumünster;9;0;9;2017
Kreisfreie Stadt Eisenach;10;0;10;2017
Kreisfreie Stadt Erfurt;8;1;9;2017
Kreisfreie Stadt Gera;0;0;0;2017
Kreisfreie Stadt Jena;16;2;18;2017
Kreisfreie Stadt Suhl;4;0;4;2017
Kreisfreie Stadt Weimar;3;0;3;2017
Landkreis Altenburger Land;8;0;8;2017
Landkreis Eichsfeld;11;9;20;2017
Landkreis Gotha;0;0;0;2017
Landkreis Greiz;2;0;2;2017
Landkreis Hildburghausen;0;2;2;2017
Landkreis Ilm-Kreis;0;8;8;2017
Landkreis Kyffhäuserkreis;0;0;0;2017
Landkreis Nordhausen;2;0;2;2017
Landkreis Saale-Holzland-Kreis;6;8;14;2017
Landkreis Saale-Orla-Kreis;0;0;0;2017
Landkreis Saalfeld-Rudolstadt;2;0;2;2017
Landkreis Schmalkalden-Meiningen;9;0;9;2017
Landkreis Sömmerda;0;0;0;2017
Landkreis Sonneberg;0;0;0;2017
Landkreis Unstrut-Hainich-Kreis;4;0;4;2017
Landkreis Wartburgkreis;2;0;2;2017
Landkreis Weimarer Land;0;0;0;2017
Landkreis Alb-Donau-Kreis;14;8;22;2018
Landkreis Biberach;4;6;10;2018
Landkreis Böblingen;7;12;19;2018
Landkreis Bodenseekreis;70;0;70;2018
Landkreis Breisgau-Hochschwarzwald;35;6;41;2018
Landkreis Calw;6;0;6;2018
Landkreis Emmendingen;6;0;6;2018
Landkreis Enzkreis;3;5;8;2018
Landkreis Esslingen;29;4;33;2018
Landkreis Freudenstadt;8;0;8;2018
Landkreis Göppingen;9;11;20;2018
Landkreis Heidenheim;17;10;27;2018
Landkreis Heilbronn;10;16;26;2018
Landkreis Hohenlohekreis;4;8;12;2018
Landkreis Karlsruhe;141;6;147;2018
Landkreis Konstanz;10;5;15;2018
Landkreis Lörrach;48;4;52;2018
Landkreis Ludwigsburg;66;12;78;2018
Landkreis Main-Tauber-Kreis;20;6;26;2018
Landkreis Neckar-Odenwald-Kreis;6;0;6;2018
Landkreis Ortenaukreis;27;20;47;2018
Landkreis Ostalbkreis;23;8;31;2018
Landkreis Rastatt;0;4;4;2018
Landkreis Ravensburg;22;2;24;2018
Landkreis Rems-Murr-Kreis;29;4;33;2018
Landkreis Reutlingen;15;0;15;2018
Landkreis Rhein-Neckar-Kreis;15;24;39;2018
Landkreis Rottweil;5;8;13;2018
Landkreis Schwäbisch Hall;8;4;12;2018
Landkreis Schwarzwald-Baar-Kreis;31;2;33;2018
Landkreis Sigmaringen;4;0;4;2018
Landkreis Tübingen;11;2;13;2018
Landkreis Tuttlingen;6;0;6;2018
Landkreis Waldshut;46;2;48;2018
Landkreis Zollernalbkreis;0;0;0;2018
Stadtkreis Baden-Baden;6;0;6;2018
Stadtkreis Freiburg im Breisgau;27;4;31;2018
Stadtkreis Heidelberg;19;0;19;2018
Stadtkreis Heilbronn;6;4;10;2018
Stadtkreis Karlsruhe;3;0;3;2018
Stadtkreis Mannheim;11;0;11;2018
Stadtkreis Pforzheim;0;0;0;2018
Stadtkreis Stuttgart;27;4;31;2018
Stadtkreis Ulm;80;0;80;2018
Kreisfreie Stadt Amberg;0;0;0;2018
Kreisfreie Stadt Ansbach;4;0;4;2018
Kreisfreie Stadt Aschaffenburg;0;0;0;2018
Kreisfreie Stadt Augsburg;29;5;34;2018
Kreisfreie Stadt Bamberg;7;0;7;2018
Kreisfreie Stadt Bayreuth;6;0;6;2018
Kreisfreie Stadt Coburg;12;2;14;2018
Kreisfreie Stadt Erlangen;6;4;10;2018
Kreisfreie Stadt Fürth;23;0;23;2018
Kreisfreie Stadt Hof;2;0;2;2018
Kreisfreie Stadt Ingolstadt;36;4;40;2018
Kreisfreie Stadt Kaufbeuren;10;0;10;2018
Kreisfreie Stadt Kempten (Allgäu);4;0;4;2018
Kreisfreie Stadt Landshut;13;0;13;2018
Kreisfreie Stadt Memmingen;8;2;10;2018
Kreisfreie Stadt München;220;9;229;2018
Kreisfreie Stadt Nürnberg;26;0;26;2018
Kreisfreie Stadt Passau;9;14;23;2018
Kreisfreie Stadt Regensburg;60;2;62;2018
Kreisfreie Stadt Rosenheim;0;0;0;2018
Kreisfreie Stadt Schwabach;4;6;10;2018
Kreisfreie Stadt Schweinfurt;12;3;15;2018
Kreisfreie Stadt Straubing;17;1;18;2018
Kreisfreie Stadt Weiden i.d. OPf.;4;0;4;2018
Kreisfreie Stadt Würzburg;14;8;22;2018
Landkreis Aichach-Friedberg;15;1;16;2018
Landkreis Altötting;7;0;7;2018
Landkreis Amberg-Sulzbach;4;4;8;2018
Landkreis Ansbach;29;14;43;2018
Landkreis Aschaffenburg;16;4;20;2018
Landkreis Augsburg;44;5;49;2018
Landkreis Bad Kissingen;8;8;16;2018
Landkreis Bad Tölz-Wolfratshausen;7;8;15;2018
Landkreis Bamberg;12;0;12;2018
Landkreis Bayreuth;3;10;13;2018
Landkreis Berchtesgadener Land;14;5;19;2018
Landkreis Cham;38;1;39;2018
Landkreis Coburg;4;0;4;2018
Landkreis Dachau;0;2;2;2018
Landkreis Deggendorf;82;0;82;2018
Landkreis Dillingen a.d. Donau;6;0;6;2018
Landkreis Dingolfing-Landau;4;0;4;2018
Landkreis Donau-Ries;14;2;16;2018
Landkreis Ebersberg;4;0;4;2018
Landkreis Eichstätt;18;4;22;2018
Landkreis Erding;1;0;1;2018
Landkreis Erlangen-Höchstadt;18;0;18;2018
Landkreis Forchheim;18;0;18;2018
Landkreis Freising;4;18;22;2018
Landkreis Freyung-Grafenau;74;2;76;2018
Landkreis Fürstenfeldbruck;1;0;1;2018
Landkreis Fürth;19;0;19;2018
Landkreis Garmisch-Partenkirchen;7;0;7;2018
Landkreis Günzburg;25;5;30;2018
Landkreis Haßberge;2;4;6;2018
Landkreis Hof;2;8;10;2018
Landkreis Kelheim;2;0;2;2018
Landkreis Kitzingen;9;10;19;2018
Landkreis Kronach;0;0;0;2018
Landkreis Kulmbach;19;3;22;2018
Landkreis Landsberg am Lech;6;8;14;2018
Landkreis Landshut;12;2;14;2018
Landkreis Lichtenfels;2;0;2;2018
Landkreis Lindau (Bodensee);11;0;11;2018
Landkreis Main-Spessart;8;2;10;2018
Landkreis Miesbach;6;6;12;2018
Landkreis Miltenberg;2;0;2;2018
Landkreis Mühldorf a. Inn;18;2;20;2018
Landkreis München;22;6;28;2018
Landkreis Neuburg-Schrobenhausen;1;0;1;2018
Landkreis Neumarkt i.d. OPf.;37;12;49;2018
Landkreis Neustadt a.d. Aisch-Bad Windsheim;18;0;18;2018
Landkreis Neustadt a.d. Waldnaab;12;14;26;2018
Landkreis Neu-Ulm;31;0;31;2018
Landkreis Nürnberger Land;37;10;47;2018
Landkreis Oberallgäu;8;4;12;2018
Landkreis Ostallgäu;38;0;38;2018
Landkreis Passau;92;3;95;2018
Landkreis Pfaffenhofen a.d. Ilm;10;4;14;2018
Landkreis Regen;129;1;130;2018
Landkreis Regensburg;34;4;38;2018
Landkreis Rhön-Grabfeld;19;17;36;2018
Landkreis Rosenheim;19;13;32;2018
Landkreis Roth;21;4;25;2018
Landkreis Rottal-Inn;3;0;3;2018
Landkreis Schwandorf;10;2;12;2018
Landkreis Schweinfurt;6;7;13;2018
Landkreis Starnberg;3;2;5;2018
Landkreis Straubing-Bogen;70;11;81;2018
Landkreis Tirschenreuth;0;0;0;2018
Landkreis Traunstein;19;8;27;2018
Landkreis Unterallgäu;16;0;16;2018
Landkreis Weilheim-Schongau;11;1;12;2018
Landkreis Weißenburg-Gunzenhausen;7;0;7;2018
Landkreis Wunsiedel i. Fichtelgebirge;6;2;8;2018
Landkreis Würzburg;21;10;31;2018
Kreisfreie Stadt Berlin;593;26;619;2018
Kreisfreie Stadt Brandenburg an der Havel;1;0;1;2018
Kreisfreie Stadt Cottbus;0;0;0;2018
Kreisfreie Stadt Frankfurt (Oder);0;0;0;2018
Kreisfreie Stadt Potsdam;10;0;10;2018
Landkreis Barnim;2;2;4;2018
Landkreis Dahme-Spreewald;8;2;10;2018
Landkreis Elbe-Elster;0;0;0;2018
Landkreis Havelland;1;0;1;2018
Landkreis Märkisch-Oderland;4;0;4;2018
Landkreis Oberhavel;1;0;1;2018
Landkreis Oberspreewald-Lausitz;0;0;0;2018
Landkreis Oder-Spree;3;0;3;2018
Landkreis Ostprignitz-Ruppin;3;6;9;2018
Landkreis Potsdam-Mittelmark;3;8;11;2018
Landkreis Prignitz;0;2;2;2018
Landkreis Spree-Neiße;8;0;8;2018
Landkreis Teltow-Fläming;9;0;9;2018
Landkreis Uckermark;8;0;8;2018
Kreisfreie Stadt Bremen;42;0;42;2018
Kreisfreie Stadt Bremerhaven;25;2;27;2018
Kreisfreie Stadt Hamburg;550;45;595;2018
Kreisfreie Stadt Darmstadt;23;0;23;2018
Kreisfreie Stadt Frankfurt am Main;39;6;45;2018
Kreisfreie Stadt Kassel;37;4;41;2018
Kreisfreie Stadt Offenbach am Main;3;5;8;2018
Kreisfreie Stadt Wiesbaden;24;12;36;2018
Landkreis Bergstraße;39;0;39;2018
Landkreis Darmstadt-Dieburg;54;6;60;2018
Landkreis Fulda;19;8;27;2018
Landkreis Gießen;5;5;10;2018
Landkreis Groß-Gerau;12;2;14;2018
Landkreis Hersfeld-Rotenburg;15;4;19;2018
Landkreis Hochtaunuskreis;28;1;29;2018
Landkreis Kassel;54;12;66;2018
Landkreis Lahn-Dill-Kreis;14;0;14;2018
Landkreis Limburg-Weilburg;27;4;31;2018
Landkreis Main-Kinzig-Kreis;26;12;38;2018
Landkreis Main-Taunus-Kreis;17;2;19;2018
Landkreis Marburg-Biedenkopf;43;4;47;2018
Landkreis Odenwaldkreis;30;0;30;2018
Landkreis Offenbach;7;4;11;2018
Landkreis Rheingau-Taunus-Kreis;33;0;33;2018
Landkreis Schwalm-Eder-Kreis;29;8;37;2018
Landkreis Vogelsbergkreis;5;18;23;2018
Landkreis Waldeck-Frankenberg;10;0;10;2018
Landkreis Werra-Meißner-Kreis;18;0;18;2018
Landkreis Wetteraukreis;1;0;1;2018
Kreisfreie Stadt Rostock;16;0;16;2018
Kreisfreie Stadt Schwerin;0;0;0;2018
Landkreis Ludwigslust-Parchim;12;8;20;2018
Landkreis Mecklenburgische Seenplatte;9;1;10;2018
Landkreis Nordwestmecklenburg;4;6;10;2018
Landkreis Rostock;8;0;8;2018
Landkreis Vorpommern-Greifswald;18;10;28;2018
Landkreis Vorpommern-Rügen;16;2;18;2018
Kreisfreie Stadt Braunschweig;18;17;35;2018
Kreisfreie Stadt Delmenhorst;6;2;8;2018
Kreisfreie Stadt Emden;4;2;6;2018
Kreisfreie Stadt Oldenburg (Oldb);34;10;44;2018
Kreisfreie Stadt Osnabrück;2;0;2;2018
Kreisfreie Stadt Salzgitter;6;1;7;2018
Kreisfreie Stadt Wilhelmshaven;0;0;0;2018
Kreisfreie Stadt Wolfsburg;42;1;43;2018
Landkreis Ammerland;24;0;24;2018
Landkreis Aurich;27;0;27;2018
Landkreis Celle;4;1;5;2018
Landkreis Cloppenburg;40;0;40;2018
Landkreis Cuxhaven;25;0;25;2018
Landkreis Diepholz;16;0;16;2018
Landkreis Emsland;43;10;53;2018
Landkreis Friesland;21;0;21;2018
Landkreis Gifhorn;1;2;3;2018
Landkreis Goslar;16;2;18;2018
Landkreis Göttingen;43;8;51;2018
Landkreis Grafschaft Bentheim;21;4;25;2018
Landkreis Hameln-Pyrmont;0;2;2;2018
Landkreis Harburg;29;8;37;2018
Landkreis Heidekreis;18;8;26;2018
Landkreis Helmstedt;7;2;9;2018
Landkreis Hildesheim;10;8;18;2018
Landkreis Holzminden;4;0;4;2018
Landkreis Leer;14;0;14;2018
Landkreis Lüchow-Dannenberg;0;0;0;2018
Landkreis Lüneburg;7;2;9;2018
Landkreis Nienburg (Weser);6;0;6;2018
Landkreis Northeim;26;3;29;2018
Landkreis Oldenburg;21;18;39;2018
Landkreis Osnabrück;37;0;37;2018
Landkreis Osterholz;8;0;8;2018
Landkreis Peine;1;8;9;2018
Landkreis Region Hannover;51;11;62;2018
Landkreis Rotenburg (Wümme);24;16;40;2018
Landkreis Schaumburg;24;12;36;2018
Landkreis Stade;22;0;22;2018
Landkreis Uelzen;0;0;0;2018
Landkreis Vechta;17;0;17;2018
Landkreis Verden;15;2;17;2018
Landkreis Wesermarsch;13;0;13;2018
Landkreis Wittmund;10;0;10;2018
Landkreis Wolfenbüttel;2;0;2;2018
Kreis Borken;54;0;54;2018
Kreis Coesfeld;40;0;40;2018
Kreis Düren;41;2;43;2018
Kreis Ennepe-Ruhr-Kreis;34;0;34;2018
Kreis Euskirchen;47;0;47;2018
Kreis Gütersloh;6;4;10;2018
Kreis Heinsberg;13;0;13;2018
Kreis Herford;6;0;6;2018
Kreis Hochsauerlandkreis;10;0;10;2018
Kreis Höxter;18;0;18;2018
Kreis Kleve;19;0;19;2018
Kreis Lippe;46;4;50;2018
Kreis Märkischer Kreis;12;10;22;2018
Kreis Mettmann;27;8;35;2018
Kreis Minden-Lübbecke;21;0;21;2018
Kreis Oberbergischer Kreis;36;0;36;2018
Kreis Olpe;0;0;0;2018
Kreis Paderborn;16;2;18;2018
Kreis Recklinghausen;23;2;25;2018
Kreis Rhein-Erft-Kreis;37;4;41;2018
Kreis Rheinisch-Bergischer Kreis;33;14;47;2018
Kreis Rhein-Kreis Neuss;18;0;18;2018
Kreis Rhein-Sieg-Kreis;70;8;78;2018
Kreis Siegen-Wittgenstein;30;2;32;2018
Kreis Soest;14;2;16;2018
Kreis Städteregion Aachen;103;12;115;2018
Kreis Steinfurt;50;10;60;2018
Kreis Unna;25;5;30;2018
Kreis Viersen;9;0;9;2018
Kreis Warendorf;26;3;29;2018
Kreis Wesel;44;2;46;2018
Kreisfreie Stadt Bielefeld;2;4;6;2018
Kreisfreie Stadt Bochum;21;3;24;2018
Kreisfreie Stadt Bonn;6;0;6;2018
Kreisfreie Stadt Bottrop;19;6;25;2018
Kreisfreie Stadt Dortmund;103;4;107;2018
Kreisfreie Stadt Duisburg;15;0;15;2018
Kreisfreie Stadt Düsseldorf;165;0;165;2018
Kreisfreie Stadt Essen;59;2;61;2018
Kreisfreie Stadt Gelsenkirchen;20;3;23;2018
Kreisfreie Stadt Hagen;0;4;4;2018
Kreisfreie Stadt Hamm;4;8;12;2018
Kreisfreie Stadt Herne;4;2;6;2018
Kreisfreie Stadt Köln;123;3;126;2018
Kreisfreie Stadt Krefeld;2;0;2;2018
Kreisfreie Stadt Leverkusen;6;0;6;2018
Kreisfreie Stadt Mönchengladbach;4;2;6;2018
Kreisfreie Stadt Mülheim an der Ruhr;9;0;9;2018
Kreisfreie Stadt Münster;3;0;3;2018
Kreisfreie Stadt Oberhausen;16;0;16;2018
Kreisfreie Stadt Remscheid;0;8;8;2018
Kreisfreie Stadt Solingen;2;7;9;2018
Kreisfreie Stadt Wuppertal;31;0;31;2018
Kreisfreie Stadt Frankenthal (Pfalz);4;0;4;2018
Kreisfreie Stadt Kaiserslautern;4;0;4;2018
Kreisfreie Stadt Koblenz;0;2;2;2018
Kreisfreie Stadt Landau in der Pfalz;3;3;6;2018
Kreisfreie Stadt Ludwigshafen am Rhein;4;0;4;2018
Kreisfreie Stadt Mainz;17;0;17;2018
Kreisfreie Stadt Neustadt an der Weinstraße;6;0;6;2018
Kreisfreie Stadt Pirmasens;0;0;0;2018
Kreisfreie Stadt Speyer;11;4;15;2018
Kreisfreie Stadt Trier;27;0;27;2018
Kreisfreie Stadt Worms;9;5;14;2018
Kreisfreie Stadt Zweibrücken;0;0;0;2018
Landkreis Ahrweiler;6;0;6;2018
Landkreis Altenkirchen (Westerwald);9;0;9;2018
Landkreis Alzey-Worms;6;0;6;2018
Landkreis Bad Dürkheim;0;4;4;2018
Landkreis Bad Kreuznach;4;2;6;2018
Landkreis Bernkastel-Wittlich;10;0;10;2018
Landkreis Birkenfeld;0;0;0;2018
Landkreis Cochem-Zell;4;0;4;2018
Landkreis Donnersbergkreis;4;0;4;2018
Landkreis Eifelkreis Bitburg-Prüm;14;0;14;2018
Landkreis Germersheim;0;0;0;2018
Landkreis Kaiserslautern;1;0;1;2018
Landkreis Kusel;0;2;2;2018
Landkreis Mainz-Bingen;13;2;15;2018
Landkreis Mayen-Koblenz;14;4;18;2018
Landkreis Neuwied;14;18;32;2018
Landkreis Rhein-Hunsrück-Kreis;16;0;16;2018
Landkreis Rhein-Lahn-Kreis;8;0;8;2018
Landkreis Rhein-Pfalz-Kreis;3;0;3;2018
Landkreis Südliche Weinstraße;0;2;2;2018
Landkreis Südwestpfalz;0;0;0;2018
Landkreis Trier-Saarburg;16;0;16;2018
Landkreis Vulkaneifel;13;0;13;2018
Landkreis Westerwaldkreis;2;6;8;2018
Landkreis Merzig-Wadern;0;0;0;2018
Landkreis Neunkirchen;10;0;10;2018
Landkreis Regionalverband Saarbrücken;12;0;12;2018
Landkreis Saarlouis;2;0;2;2018
Landkreis Saarpfalz-Kreis;8;0;8;2018
Landkreis St. Wendel;2;0;2;2018
Kreisfreie Stadt Chemnitz;35;4;39;2018
Kreisfreie Stadt Dresden;6;2;8;2018
Kreisfreie Stadt Leipzig;82;0;82;2018
Landkreis Bautzen;4;8;12;2018
Landkreis Erzgebirgskreis;18;0;18;2018
Landkreis Görlitz;6;0;6;2018
Landkreis Leipzig;18;8;26;2018
Landkreis Meißen;12;4;16;2018
Landkreis Mittelsachsen;8;4;12;2018
Landkreis Nordsachsen;3;6;9;2018
Landkreis Sächsische Schweiz-Osterzgebirge;2;8;10;2018
Landkreis Vogtlandkreis;17;10;27;2018
Landkreis Zwickau;14;2;16;2018
Kreisfreie Stadt Dessau-Roßlau;0;2;2;2018
Kreisfreie Stadt Halle (Saale);35;0;35;2018
Kreisfreie Stadt Magdeburg;15;6;21;2018
Landkreis Altmarkkreis Salzwedel;0;0;0;2018
Landkreis Anhalt-Bitterfeld;0;8;8;2018
Landkreis Börde;4;4;8;2018
Landkreis Burgenlandkreis;0;6;6;2018
Landkreis Harz;4;4;8;2018
Landkreis Jerichower Land;0;2;2;2018
Landkreis Mansfeld-Südharz;7;13;20;2018
Landkreis Saalekreis;12;1;13;2018
Landkreis Salzlandkreis;5;8;13;2018
Landkreis Stendal;0;2;2;2018
Landkreis Wittenberg;8;0;8;2018
Kreis Dithmarschen;28;2;30;2018
Kreis Herzogtum Lauenburg;23;5;28;2018
Kreis Nordfriesland;67;14;81;2018
Kreis Ostholstein;39;17;56;2018
Kreis Pinneberg;29;11;40;2018
Kreis Plön;4;0;4;2018
Kreis Rendsburg-Eckernförde;32;11;43;2018
Kreis Schleswig-Flensburg;26;4;30;2018
Kreis Segeberg;24;9;33;2018
Kreis Steinburg;18;0;18;2018
Kreis Stormarn;32;9;41;2018
Kreisfreie Stadt Flensburg;7;2;9;2018
Kreisfreie Stadt Kiel;30;2;32;2018
Kreisfreie Stadt Lübeck;24;0;24;2018
Kreisfreie Stadt Neumünster;13;6;19;2018
Kreisfreie Stadt Eisenach;10;0;10;2018
Kreisfreie Stadt Erfurt;27;9;36;2018
Kreisfreie Stadt Gera;6;0;6;2018
Kreisfreie Stadt Jena;21;2;23;2018
Kreisfreie Stadt Suhl;4;0;4;2018
Kreisfreie Stadt Weimar;3;0;3;2018
Landkreis Altenburger Land;8;8;16;2018
Landkreis Eichsfeld;21;9;30;2018
Landkreis Gotha;8;2;10;2018
Landkreis Greiz;2;0;2;2018
Landkreis Hildburghausen;6;2;8;2018
Landkreis Ilm-Kreis;6;8;14;2018
Landkreis Kyffhäuserkreis;2;0;2;2018
Landkreis Nordhausen;4;2;6;2018
Landkreis Saale-Holzland-Kreis;10;10;20;2018
Landkreis Saale-Orla-Kreis;4;0;4;2018
Landkreis Saalfeld-Rudolstadt;10;0;10;2018
Landkreis Schmalkalden-Meiningen;17;0;17;2018
Landkreis Sömmerda;0;0;0;2018
Landkreis Sonneberg;4;0;4;2018
Landkreis Unstrut-Hainich-Kreis;10;3;13;2018
Landkreis Wartburgkreis;4;0;4;2018
Landkreis Weimarer Land;4;0;4;2018
Landkreis Alb-Donau-Kreis;42;15;57;2019
Landkreis Biberach;24;9;33;2019
Landkreis Böblingen;43;22;65;2019
Landkreis Bodenseekreis;123;2;125;2019
Landkreis Breisgau-Hochschwarzwald;55;6;61;2019
Landkreis Calw;96;0;96;2019
Landkreis Emmendingen;20;5;25;2019
Landkreis Enzkreis;33;11;44;2019
Landkreis Esslingen;117;9;126;2019
Landkreis Freudenstadt;30;0;30;2019
Landkreis Göppingen;40;21;61;2019
Landkreis Heidenheim;35;20;55;2019
Landkreis Heilbronn;65;34;99;2019
Landkreis Hohenlohekreis;16;16;32;2019
Landkreis Karlsruhe;200;17;217;2019
Landkreis Konstanz;26;13;39;2019
Landkreis Lörrach;58;8;66;2019
Landkreis Ludwigsburg;182;24;206;2019
Landkreis Main-Tauber-Kreis;48;6;54;2019
Landkreis Neckar-Odenwald-Kreis;16;0;16;2019
Landkreis Ortenaukreis;64;40;104;2019
Landkreis Ostalbkreis;46;8;54;2019
Landkreis Rastatt;31;11;42;2019
Landkreis Ravensburg;52;12;64;2019
Landkreis Rems-Murr-Kreis;61;10;71;2019
Landkreis Reutlingen;55;2;57;2019
Landkreis Rhein-Neckar-Kreis;83;29;112;2019
Landkreis Rottweil;45;20;65;2019
Landkreis Schwäbisch Hall;37;12;49;2019
Landkreis Schwarzwald-Baar-Kreis;59;7;66;2019
Landkreis Sigmaringen;22;0;22;2019
Landkreis Tübingen;34;4;38;2019
Landkreis Tuttlingen;42;0;42;2019
Landkreis Waldshut;72;9;81;2019
Landkreis Zollernalbkreis;30;2;32;2019
Stadtkreis Baden-Baden;16;2;18;2019
Stadtkreis Freiburg im Breisgau;23;6;29;2019
Stadtkreis Heidelberg;23;0;23;2019
Stadtkreis Heilbronn;7;8;15;2019
Stadtkreis Karlsruhe;14;2;16;2019
Stadtkreis Mannheim;37;0;37;2019
Stadtkreis Pforzheim;4;3;7;2019
Stadtkreis Stuttgart;89;20;109;2019
Stadtkreis Ulm;83;12;95;2019
Kreisfreie Stadt Amberg;0;0;0;2019
Kreisfreie Stadt Ansbach;18;2;20;2019
Kreisfreie Stadt Aschaffenburg;14;2;16;2019
Kreisfreie Stadt Augsburg;70;13;83;2019
Kreisfreie Stadt Bamberg;40;0;40;2019
Kreisfreie Stadt Bayreuth;27;2;29;2019
Kreisfreie Stadt Coburg;29;4;33;2019
Kreisfreie Stadt Erlangen;13;6;19;2019
Kreisfreie Stadt Fürth;37;0;37;2019
Kreisfreie Stadt Hof;16;0;16;2019
Kreisfreie Stadt Ingolstadt;66;4;70;2019
Kreisfreie Stadt Kaufbeuren;16;0;16;2019
Kreisfreie Stadt Kempten (Allgäu);18;2;20;2019
Kreisfreie Stadt Landshut;17;6;23;2019
Kreisfreie Stadt Memmingen;10;3;13;2019
Kreisfreie Stadt München;743;14;757;2019
Kreisfreie Stadt Nürnberg;59;4;63;2019
Kreisfreie Stadt Passau;17;15;32;2019
Kreisfreie Stadt Regensburg;113;6;119;2019
Kreisfreie Stadt Rosenheim;4;2;6;2019
Kreisfreie Stadt Schwabach;12;6;18;2019
Kreisfreie Stadt Schweinfurt;22;3;25;2019
Kreisfreie Stadt Straubing;23;5;28;2019
Kreisfreie Stadt Weiden i.d. OPf.;13;0;13;2019
Kreisfreie Stadt Würzburg;28;8;36;2019
Landkreis Aichach-Friedberg;19;4;23;2019
Landkreis Altötting;54;2;56;2019
Landkreis Amberg-Sulzbach;8;4;12;2019
Landkreis Ansbach;47;14;61;2019
Landkreis Aschaffenburg;31;12;43;2019
Landkreis Augsburg;64;5;69;2019
Landkreis Bad Kissingen;26;8;34;2019
Landkreis Bad Tölz-Wolfratshausen;30;8;38;2019
Landkreis Bamberg;12;0;12;2019
Landkreis Bayreuth;15;10;25;2019
Landkreis Berchtesgadener Land;34;7;41;2019
Landkreis Cham;40;2;42;2019
Landkreis Coburg;8;0;8;2019
Landkreis Dachau;6;2;8;2019
Landkreis Deggendorf;96;0;96;2019
Landkreis Dillingen a.d. Donau;18;1;19;2019
Landkreis Dingolfing-Landau;8;0;8;2019
Landkreis Donau-Ries;27;3;30;2019
Landkreis Ebersberg;19;0;19;2019
Landkreis Eichstätt;29;9;38;2019
Landkreis Erding;29;4;33;2019
Landkreis Erlangen-Höchstadt;22;2;24;2019
Landkreis Forchheim;46;0;46;2019
Landkreis Freising;31;20;51;2019
Landkreis Freyung-Grafenau;78;6;84;2019
Landkreis Fürstenfeldbruck;23;2;25;2019
Landkreis Fürth;40;4;44;2019
Landkreis Garmisch-Partenkirchen;27;0;27;2019
Landkreis Günzburg;50;9;59;2019
Landkreis Haßberge;26;4;30;2019
Landkreis Hof;10;13;23;2019
Landkreis Kelheim;10;0;10;2019
Landkreis Kitzingen;30;18;48;2019
Landkreis Kronach;5;2;7;2019
Landkreis Kulmbach;23;7;30;2019
Landkreis Landsberg am Lech;23;13;36;2019
Landkreis Landshut;41;2;43;2019
Landkreis Lichtenfels;6;0;6;2019
Landkreis Lindau (Bodensee);43;1;44;2019
Landkreis Main-Spessart;30;2;32;2019
Landkreis Miesbach;21;6;27;2019
Landkreis Miltenberg;18;0;18;2019
Landkreis Mühldorf a. Inn;30;4;34;2019
Landkreis München;50;12;62;2019
Landkreis Neuburg-Schrobenhausen;15;2;17;2019
Landkreis Neumarkt i.d. OPf.;51;16;67;2019
Landkreis Neustadt a.d. Aisch-Bad Windsheim;44;0;44;2019
Landkreis Neustadt a.d. Waldnaab;16;14;30;2019
Landkreis Neu-Ulm;38;5;43;2019
Landkreis Nürnberger Land;59;11;70;2019
Landkreis Oberallgäu;49;10;59;2019
Landkreis Ostallgäu;51;4;55;2019
Landkreis Passau;112;3;115;2019
Landkreis Pfaffenhofen a.d. Ilm;14;4;18;2019
Landkreis Regen;133;3;136;2019
Landkreis Regensburg;62;4;66;2019
Landkreis Rhön-Grabfeld;33;23;56;2019
Landkreis Rosenheim;67;21;88;2019
Landkreis Roth;32;8;40;2019
Landkreis Rottal-Inn;29;0;29;2019
Landkreis Schwandorf;31;2;33;2019
Landkreis Schweinfurt;62;8;70;2019
Landkreis Starnberg;11;2;13;2019
Landkreis Straubing-Bogen;78;11;89;2019
Landkreis Tirschenreuth;16;0;16;2019
Landkreis Traunstein;54;13;67;2019
Landkreis Unterallgäu;49;17;66;2019
Landkreis Weilheim-Schongau;26;3;29;2019
Landkreis Weißenburg-Gunzenhausen;10;2;12;2019
Landkreis Wunsiedel i. Fichtelgebirge;18;2;20;2019
Landkreis Würzburg;45;10;55;2019
Kreisfreie Stadt Berlin;707;44;751;2019
Kreisfreie Stadt Brandenburg an der Havel;1;0;1;2019
Kreisfreie Stadt Cottbus;1;3;4;2019
Kreisfreie Stadt Frankfurt (Oder);2;0;2;2019
Kreisfreie Stadt Potsdam;34;2;36;2019
Landkreis Barnim;8;4;12;2019
Landkreis Dahme-Spreewald;20;6;26;2019
Landkreis Elbe-Elster;9;2;11;2019
Landkreis Havelland;13;4;17;2019
Landkreis Märkisch-Oderland;12;0;12;2019
Landkreis Oberhavel;24;3;27;2019
Landkreis Oberspreewald-Lausitz;0;2;2;2019
Landkreis Oder-Spree;12;3;15;2019
Landkreis Ostprignitz-Ruppin;12;12;24;2019
Landkreis Potsdam-Mittelmark;35;13;48;2019
Landkreis Prignitz;0;2;2;2019
Landkreis Spree-Neiße;17;1;18;2019
Landkreis Teltow-Fläming;33;2;35;2019
Landkreis Uckermark;52;2;54;2019
Kreisfreie Stadt Bremen;68;12;80;2019
Kreisfreie Stadt Bremerhaven;40;4;44;2019
Kreisfreie Stadt Hamburg;836;82;918;2019
Kreisfreie Stadt Darmstadt;69;0;69;2019
Kreisfreie Stadt Frankfurt am Main;72;12;84;2019
Kreisfreie Stadt Kassel;41;4;45;2019
Kreisfreie Stadt Offenbach am Main;3;5;8;2019
Kreisfreie Stadt Wiesbaden;97;12;109;2019
Landkreis Bergstraße;61;8;69;2019
Landkreis Darmstadt-Dieburg;118;17;135;2019
Landkreis Fulda;75;15;90;2019
Landkreis Gießen;25;20;45;2019
Landkreis Groß-Gerau;60;6;66;2019
Landkreis Hersfeld-Rotenburg;19;8;27;2019
Landkreis Hochtaunuskreis;38;1;39;2019
Landkreis Kassel;94;23;117;2019
Landkreis Lahn-Dill-Kreis;27;8;35;2019
Landkreis Limburg-Weilburg;68;13;81;2019
Landkreis Main-Kinzig-Kreis;72;19;91;2019
Landkreis Main-Taunus-Kreis;35;2;37;2019
Landkreis Marburg-Biedenkopf;49;4;53;2019
Landkreis Odenwaldkreis;43;0;43;2019
Landkreis Offenbach;94;8;102;2019
Landkreis Rheingau-Taunus-Kreis;45;0;45;2019
Landkreis Schwalm-Eder-Kreis;43;9;52;2019
Landkreis Vogelsbergkreis;45;18;63;2019
Landkreis Waldeck-Frankenberg;10;8;18;2019
Landkreis Werra-Meißner-Kreis;21;2;23;2019
Landkreis Wetteraukreis;63;10;73;2019
Kreisfreie Stadt Rostock;22;6;28;2019
Kreisfreie Stadt Schwerin;0;0;0;2019
Landkreis Ludwigslust-Parchim;24;11;35;2019
Landkreis Mecklenburgische Seenplatte;21;3;24;2019
Landkreis Nordwestmecklenburg;30;8;38;2019
Landkreis Rostock;30;0;30;2019
Landkreis Vorpommern-Greifswald;22;11;33;2019
Landkreis Vorpommern-Rügen;30;4;34;2019
Kreisfreie Stadt Braunschweig;35;17;52;2019
Kreisfreie Stadt Delmenhorst;12;4;16;2019
Kreisfreie Stadt Emden;24;2;26;2019
Kreisfreie Stadt Oldenburg (Oldb);52;10;62;2019
Kreisfreie Stadt Osnabrück;5;4;9;2019
Kreisfreie Stadt Salzgitter;28;1;29;2019
Kreisfreie Stadt Wilhelmshaven;8;2;10;2019
Kreisfreie Stadt Wolfsburg;274;3;277;2019
Landkreis Ammerland;32;2;34;2019
Landkreis Aurich;45;2;47;2019
Landkreis Celle;8;1;9;2019
Landkreis Cloppenburg;50;0;50;2019
Landkreis Cuxhaven;38;3;41;2019
Landkreis Diepholz;38;5;43;2019
Landkreis Emsland;52;15;67;2019
Landkreis Friesland;33;0;33;2019
Landkreis Gifhorn;5;2;7;2019
Landkreis Goslar;25;2;27;2019
Landkreis Göttingen;59;12;71;2019
Landkreis Grafschaft Bentheim;40;8;48;2019
Landkreis Hameln-Pyrmont;22;6;28;2019
Landkreis Harburg;40;24;64;2019
Landkreis Heidekreis;18;10;28;2019
Landkreis Helmstedt;17;10;27;2019
Landkreis Hildesheim;41;28;69;2019
Landkreis Holzminden;24;0;24;2019
Landkreis Leer;66;6;72;2019
Landkreis Lüchow-Dannenberg;5;0;5;2019
Landkreis Lüneburg;39;2;41;2019
Landkreis Nienburg (Weser);53;4;57;2019
Landkreis Northeim;37;5;42;2019
Landkreis Oldenburg;37;18;55;2019
Landkreis Osnabrück;67;12;79;2019
Landkreis Osterholz;21;5;26;2019
Landkreis Peine;1;8;9;2019
Landkreis Region Hannover;103;26;129;2019
Landkreis Rotenburg (Wümme);38;26;64;2019
Landkreis Schaumburg;54;12;66;2019
Landkreis Stade;30;6;36;2019
Landkreis Uelzen;1;3;4;2019
Landkreis Vechta;42;14;56;2019
Landkreis Verden;17;8;25;2019
Landkreis Wesermarsch;25;0;25;2019
Landkreis Wittmund;18;0;18;2019
Landkreis Wolfenbüttel;15;5;20;2019
Kreis Borken;96;0;96;2019
Kreis Coesfeld;42;0;42;2019
Kreis Düren;47;2;49;2019
Kreis Ennepe-Ruhr-Kreis;66;4;70;2019
Kreis Euskirchen;81;0;81;2019
Kreis Gütersloh;70;10;80;2019
Kreis Heinsberg;39;0;39;2019
Kreis Herford;34;4;38;2019
Kreis Hochsauerlandkreis;43;6;49;2019
Kreis Höxter;23;0;23;2019
Kreis Kleve;69;1;70;2019
Kreis Lippe;93;4;97;2019
Kreis Märkischer Kreis;26;16;42;2019
Kreis Mettmann;73;16;89;2019
Kreis Minden-Lübbecke;34;2;36;2019
Kreis Oberbergischer Kreis;54;2;56;2019
Kreis Olpe;40;0;40;2019
Kreis Paderborn;46;6;52;2019
Kreis Recklinghausen;56;15;71;2019
Kreis Rhein-Erft-Kreis;43;10;53;2019
Kreis Rheinisch-Bergischer Kreis;41;16;57;2019
Kreis Rhein-Kreis Neuss;68;2;70;2019
Kreis Rhein-Sieg-Kreis;131;25;156;2019
Kreis Siegen-Wittgenstein;35;6;41;2019
Kreis Soest;41;8;49;2019
Kreis Städteregion Aachen;159;26;185;2019
Kreis Steinfurt;67;12;79;2019
Kreis Unna;45;7;52;2019
Kreis Viersen;73;4;77;2019
Kreis Warendorf;53;4;57;2019
Kreis Wesel;58;7;65;2019
Kreisfreie Stadt Bielefeld;61;19;80;2019
Kreisfreie Stadt Bochum;82;10;92;2019
Kreisfreie Stadt Bonn;45;0;45;2019
Kreisfreie Stadt Bottrop;21;8;29;2019
Kreisfreie Stadt Dortmund;140;17;157;2019
Kreisfreie Stadt Duisburg;27;2;29;2019
Kreisfreie Stadt Düsseldorf;199;1;200;2019
Kreisfreie Stadt Essen;107;8;115;2019
Kreisfreie Stadt Gelsenkirchen;21;6;27;2019
Kreisfreie Stadt Hagen;14;10;24;2019
Kreisfreie Stadt Hamm;20;8;28;2019
Kreisfreie Stadt Herne;18;4;22;2019
Kreisfreie Stadt Köln;160;13;173;2019
Kreisfreie Stadt Krefeld;9;1;10;2019
Kreisfreie Stadt Leverkusen;14;4;18;2019
Kreisfreie Stadt Mönchengladbach;24;8;32;2019
Kreisfreie Stadt Mülheim an der Ruhr;11;0;11;2019
Kreisfreie Stadt Münster;3;2;5;2019
Kreisfreie Stadt Oberhausen;22;2;24;2019
Kreisfreie Stadt Remscheid;0;8;8;2019
Kreisfreie Stadt Solingen;33;7;40;2019
Kreisfreie Stadt Wuppertal;54;8;62;2019
Kreisfreie Stadt Frankenthal (Pfalz);4;4;8;2019
Kreisfreie Stadt Kaiserslautern;46;2;48;2019
Kreisfreie Stadt Koblenz;2;4;6;2019
Kreisfreie Stadt Landau in der Pfalz;55;3;58;2019
Kreisfreie Stadt Ludwigshafen am Rhein;14;6;20;2019
Kreisfreie Stadt Mainz;49;2;51;2019
Kreisfreie Stadt Neustadt an der Weinstraße;30;0;30;2019
Kreisfreie Stadt Pirmasens;0;0;0;2019
Kreisfreie Stadt Speyer;17;4;21;2019
Kreisfreie Stadt Trier;42;4;46;2019
Kreisfreie Stadt Worms;11;5;16;2019
Kreisfreie Stadt Zweibrücken;0;0;0;2019
Landkreis Ahrweiler;6;12;18;2019
Landkreis Altenkirchen (Westerwald);13;2;15;2019
Landkreis Alzey-Worms;35;2;37;2019
Landkreis Bad Dürkheim;21;20;41;2019
Landkreis Bad Kreuznach;10;4;14;2019
Landkreis Bernkastel-Wittlich;16;5;21;2019
Landkreis Birkenfeld;13;1;14;2019
Landkreis Cochem-Zell;4;0;4;2019
Landkreis Donnersbergkreis;14;6;20;2019
Landkreis Eifelkreis Bitburg-Prüm;20;0;20;2019
Landkreis Germersheim;8;16;24;2019
Landkreis Kaiserslautern;1;6;7;2019
Landkreis Kusel;10;8;18;2019
Landkreis Mainz-Bingen;25;6;31;2019
Landkreis Mayen-Koblenz;38;12;50;2019
Landkreis Neuwied;14;21;35;2019
Landkreis Rhein-Hunsrück-Kreis;18;2;20;2019
Landkreis Rhein-Lahn-Kreis;8;0;8;2019
Landkreis Rhein-Pfalz-Kreis;13;8;21;2019
Landkreis Südliche Weinstraße;28;16;44;2019
Landkreis Südwestpfalz;2;6;8;2019
Landkreis Trier-Saarburg;16;4;20;2019
Landkreis Vulkaneifel;15;0;15;2019
Landkreis Westerwaldkreis;11;13;24;2019
Landkreis Merzig-Wadern;8;1;9;2019
Landkreis Neunkirchen;10;1;11;2019
Landkreis Regionalverband Saarbrücken;20;11;31;2019
Landkreis Saarlouis;6;0;6;2019
Landkreis Saarpfalz-Kreis;15;6;21;2019
Landkreis St. Wendel;5;0;5;2019
Kreisfreie Stadt Chemnitz;60;9;69;2019
Kreisfreie Stadt Dresden;41;10;51;2019
Kreisfreie Stadt Leipzig;92;6;98;2019
Landkreis Bautzen;31;8;39;2019
Landkreis Erzgebirgskreis;25;2;27;2019
Landkreis Görlitz;14;2;16;2019
Landkreis Leipzig;43;16;59;2019
Landkreis Meißen;21;5;26;2019
Landkreis Mittelsachsen;15;11;26;2019
Landkreis Nordsachsen;7;6;13;2019
Landkreis Sächsische Schweiz-Osterzgebirge;9;12;21;2019
Landkreis Vogtlandkreis;39;10;49;2019
Landkreis Zwickau;31;7;38;2019
Kreisfreie Stadt Dessau-Roßlau;2;2;4;2019
Kreisfreie Stadt Halle (Saale);41;4;45;2019
Kreisfreie Stadt Magdeburg;29;11;40;2019
Landkreis Altmarkkreis Salzwedel;6;0;6;2019
Landkreis Anhalt-Bitterfeld;18;10;28;2019
Landkreis Börde;29;8;37;2019
Landkreis Burgenlandkreis;12;7;19;2019
Landkreis Harz;14;4;18;2019
Landkreis Jerichower Land;4;2;6;2019
Landkreis Mansfeld-Südharz;20;14;34;2019
Landkreis Saalekreis;32;3;35;2019
Landkreis Salzlandkreis;16;15;31;2019
Landkreis Stendal;8;2;10;2019
Landkreis Wittenberg;22;0;22;2019
Kreis Dithmarschen;78;4;82;2019
Kreis Herzogtum Lauenburg;46;13;59;2019
Kreis Nordfriesland;104;17;121;2019
Kreis Ostholstein;112;25;137;2019
Kreis Pinneberg;73;15;88;2019
Kreis Plön;9;0;9;2019
Kreis Rendsburg-Eckernförde;48;13;61;2019
Kreis Schleswig-Flensburg;43;14;57;2019
Kreis Segeberg;71;15;86;2019
Kreis Steinburg;39;2;41;2019
Kreis Stormarn;61;24;85;2019
Kreisfreie Stadt Flensburg;10;2;12;2019
Kreisfreie Stadt Kiel;68;4;72;2019
Kreisfreie Stadt Lübeck;26;4;30;2019
Kreisfreie Stadt Neumünster;15;6;21;2019
Kreisfreie Stadt Eisenach;25;0;25;2019
Kreisfreie Stadt Erfurt;55;19;74;2019
Kreisfreie Stadt Gera;20;5;25;2019
Kreisfreie Stadt Jena;33;2;35;2019
Kreisfreie Stadt Suhl;10;2;12;2019
Kreisfreie Stadt Weimar;19;4;23;2019
Landkreis Altenburger Land;11;8;19;2019
Landkreis Eichsfeld;33;9;42;2019
Landkreis Gotha;17;13;30;2019
Landkreis Greiz;8;0;8;2019
Landkreis Hildburghausen;8;2;10;2019
Landkreis Ilm-Kreis;21;10;31;2019
Landkreis Kyffhäuserkreis;14;4;18;2019
Landkreis Nordhausen;18;6;24;2019
Landkreis Saale-Holzland-Kreis;30;14;44;2019
Landkreis Saale-Orla-Kreis;22;2;24;2019
Landkreis Saalfeld-Rudolstadt;14;2;16;2019
Landkreis Schmalkalden-Meiningen;23;0;23;2019
Landkreis Sömmerda;5;1;6;2019
Landkreis Sonneberg;12;0;12;2019
Landkreis Unstrut-Hainich-Kreis;21;16;37;2019
Landkreis Wartburgkreis;20;0;20;2019
Landkreis Weimarer Land;17;4;21;2019
Landkreis Alb-Donau-Kreis;90;28;118;2020
Landkreis Biberach;61;12;73;2020
Landkreis Böblingen;113;28;141;2020
Landkreis Bodenseekreis;160;17;177;2020
Landkreis Breisgau-Hochschwarzwald;91;9;100;2020
Landkreis Calw;124;0;124;2020
Landkreis Emmendingen;53;6;59;2020
Landkreis Enzkreis;57;11;68;2020
Landkreis Esslingen;164;33;197;2020
Landkreis Freudenstadt;47;5;52;2020
Landkreis Göppingen;61;26;87;2020
Landkreis Heidenheim;42;24;66;2020
Landkreis Heilbronn;143;40;183;2020
Landkreis Hohenlohekreis;24;23;47;2020
Landkreis Karlsruhe;266;17;283;2020
Landkreis Konstanz;78;17;95;2020
Landkreis Lörrach;101;10;111;2020
Landkreis Ludwigsburg;244;42;286;2020
Landkreis Main-Tauber-Kreis;76;11;87;2020
Landkreis Neckar-Odenwald-Kreis;56;8;64;2020
Landkreis Ortenaukreis;88;45;133;2020
Landkreis Ostalbkreis;105;10;115;2020
Landkreis Rastatt;48;12;60;2020
Landkreis Ravensburg;98;26;124;2020
Landkreis Rems-Murr-Kreis;97;26;123;2020
Landkreis Reutlingen;98;9;107;2020
Landkreis Rhein-Neckar-Kreis;126;31;157;2020
Landkreis Rottweil;58;23;81;2020
Landkreis Schwäbisch Hall;84;19;103;2020
Landkreis Schwarzwald-Baar-Kreis;66;10;76;2020
Landkreis Sigmaringen;54;11;65;2020
Landkreis Tübingen;88;9;97;2020
Landkreis Tuttlingen;63;5;68;2020
Landkreis Waldshut;124;13;137;2020
Landkreis Zollernalbkreis;59;9;68;2020
Stadtkreis Baden-Baden;46;6;52;2020
Stadtkreis Freiburg im Breisgau;43;6;49;2020
Stadtkreis Heidelberg;44;1;45;2020
Stadtkreis Heilbronn;159;8;167;2020
Stadtkreis Karlsruhe;44;8;52;2020
Stadtkreis Mannheim;78;5;83;2020
Stadtkreis Pforzheim;33;6;39;2020
Stadtkreis Stuttgart;116;22;138;2020
Stadtkreis Ulm;88;13;101;2020
Kreisfreie Stadt Amberg;5;0;5;2020
Kreisfreie Stadt Ansbach;22;2;24;2020
Kreisfreie Stadt Aschaffenburg;20;4;24;2020
Kreisfreie Stadt Augsburg;123;17;140;2020
Kreisfreie Stadt Bamberg;45;0;45;2020
Kreisfreie Stadt Bayreuth;32;4;36;2020
Kreisfreie Stadt Coburg;29;4;33;2020
Kreisfreie Stadt Erlangen;13;6;19;2020
Kreisfreie Stadt Fürth;53;0;53;2020
Kreisfreie Stadt Hof;16;0;16;2020
Kreisfreie Stadt Ingolstadt;188;8;196;2020
Kreisfreie Stadt Kaufbeuren;16;0;16;2020
Kreisfreie Stadt Kempten (Allgäu);22;2;24;2020
Kreisfreie Stadt Landshut;25;6;31;2020
Kreisfreie Stadt Memmingen;10;3;13;2020
Kreisfreie Stadt München;1227;27;1254;2020
Kreisfreie Stadt Nürnberg;196;4;200;2020
Kreisfreie Stadt Passau;27;23;50;2020
Kreisfreie Stadt Regensburg;173;12;185;2020
Kreisfreie Stadt Rosenheim;4;2;6;2020
Kreisfreie Stadt Schwabach;12;6;18;2020
Kreisfreie Stadt Schweinfurt;38;3;41;2020
Kreisfreie Stadt Straubing;25;7;32;2020
Kreisfreie Stadt Weiden i.d. OPf.;21;0;21;2020
Kreisfreie Stadt Würzburg;35;8;43;2020
Landkreis Aichach-Friedberg;28;5;33;2020
Landkreis Altötting;66;2;68;2020
Landkreis Amberg-Sulzbach;48;8;56;2020
Landkreis Ansbach;74;30;104;2020
Landkreis Aschaffenburg;51;17;68;2020
Landkreis Augsburg;69;5;74;2020
Landkreis Bad Kissingen;28;8;36;2020
Landkreis Bad Tölz-Wolfratshausen;45;10;55;2020
Landkreis Bamberg;16;2;18;2020
Landkreis Bayreuth;21;10;31;2020
Landkreis Berchtesgadener Land;46;9;55;2020
Landkreis Cham;46;2;48;2020
Landkreis Coburg;12;0;12;2020
Landkreis Dachau;18;9;27;2020
Landkreis Deggendorf;99;0;99;2020
Landkreis Dillingen a.d. Donau;28;3;31;2020
Landkreis Dingolfing-Landau;25;3;28;2020
Landkreis Donau-Ries;53;3;56;2020
Landkreis Ebersberg;28;3;31;2020
Landkreis Eichstätt;45;17;62;2020
Landkreis Erding;62;4;66;2020
Landkreis Erlangen-Höchstadt;60;4;64;2020
Landkreis Forchheim;86;0;86;2020
Landkreis Freising;51;22;73;2020
Landkreis Freyung-Grafenau;85;8;93;2020
Landkreis Fürstenfeldbruck;59;8;67;2020
Landkreis Fürth;58;6;64;2020
Landkreis Garmisch-Partenkirchen;46;0;46;2020
Landkreis Günzburg;50;11;61;2020
Landkreis Haßberge;28;4;32;2020
Landkreis Hof;16;17;33;2020
Landkreis Kelheim;18;3;21;2020
Landkreis Kitzingen;66;32;98;2020
Landkreis Kronach;5;2;7;2020
Landkreis Kulmbach;25;7;32;2020
Landkreis Landsberg am Lech;34;23;57;2020
Landkreis Landshut;70;4;74;2020
Landkreis Lichtenfels;15;0;15;2020
Landkreis Lindau (Bodensee);65;5;70;2020
Landkreis Main-Spessart;51;2;53;2020
Landkreis Miesbach;51;16;67;2020
Landkreis Miltenberg;18;0;18;2020
Landkreis Mühldorf a. Inn;32;6;38;2020
Landkreis München;91;22;113;2020
Landkreis Neuburg-Schrobenhausen;35;2;37;2020
Landkreis Neumarkt i.d. OPf.;66;16;82;2020
Landkreis Neustadt a.d. Aisch-Bad Windsheim;77;1;78;2020
Landkreis Neustadt a.d. Waldnaab;26;14;40;2020
Landkreis Neu-Ulm;78;9;87;2020
Landkreis Nürnberger Land;73;13;86;2020
Landkreis Oberallgäu;72;10;82;2020
Landkreis Ostallgäu;61;4;65;2020
Landkreis Passau;157;7;164;2020
Landkreis Pfaffenhofen a.d. Ilm;22;9;31;2020
Landkreis Regen;140;3;143;2020
Landkreis Regensburg;102;5;107;2020
Landkreis Rhön-Grabfeld;35;25;60;2020
Landkreis Rosenheim;100;29;129;2020
Landkreis Roth;52;14;66;2020
Landkreis Rottal-Inn;37;2;39;2020
Landkreis Schwandorf;40;2;42;2020
Landkreis Schweinfurt;82;8;90;2020
Landkreis Starnberg;30;2;32;2020
Landkreis Straubing-Bogen;83;19;102;2020
Landkreis Tirschenreuth;32;0;32;2020
Landkreis Traunstein;78;17;95;2020
Landkreis Unterallgäu;53;17;70;2020
Landkreis Weilheim-Schongau;34;3;37;2020
Landkreis Weißenburg-Gunzenhausen;16;2;18;2020
Landkreis Wunsiedel i. Fichtelgebirge;18;2;20;2020
Landkreis Würzburg;56;18;74;2020
Kreisfreie Stadt Berlin;947;83;1030;2020
Kreisfreie Stadt Brandenburg an der Havel;15;0;15;2020
Kreisfreie Stadt Cottbus;3;3;6;2020
Kreisfreie Stadt Frankfurt (Oder);9;0;9;2020
Kreisfreie Stadt Potsdam;63;2;65;2020
Landkreis Barnim;29;6;35;2020
Landkreis Dahme-Spreewald;37;10;47;2020
Landkreis Elbe-Elster;15;2;17;2020
Landkreis Havelland;21;4;25;2020
Landkreis Märkisch-Oderland;13;3;16;2020
Landkreis Oberhavel;38;9;47;2020
Landkreis Oberspreewald-Lausitz;9;9;18;2020
Landkreis Oder-Spree;12;3;15;2020
Landkreis Ostprignitz-Ruppin;44;12;56;2020
Landkreis Potsdam-Mittelmark;59;19;78;2020
Landkreis Prignitz;0;2;2;2020
Landkreis Spree-Neiße;21;1;22;2020
Landkreis Teltow-Fläming;37;6;43;2020
Landkreis Uckermark;82;2;84;2020
Kreisfreie Stadt Bremen;198;30;228;2020
Kreisfreie Stadt Bremerhaven;48;6;54;2020
Kreisfreie Stadt Hamburg;1066;117;1183;2020
Kreisfreie Stadt Darmstadt;88;2;90;2020
Kreisfreie Stadt Frankfurt am Main;112;12;124;2020
Kreisfreie Stadt Kassel;44;9;53;2020
Kreisfreie Stadt Offenbach am Main;5;5;10;2020
Kreisfreie Stadt Wiesbaden;127;17;144;2020
Landkreis Bergstraße;79;24;103;2020
Landkreis Darmstadt-Dieburg;126;19;145;2020
Landkreis Fulda;83;20;103;2020
Landkreis Gießen;41;28;69;2020
Landkreis Groß-Gerau;72;8;80;2020
Landkreis Hersfeld-Rotenburg;35;8;43;2020
Landkreis Hochtaunuskreis;55;1;56;2020
Landkreis Kassel;101;25;126;2020
Landkreis Lahn-Dill-Kreis;35;18;53;2020
Landkreis Limburg-Weilburg;80;17;97;2020
Landkreis Main-Kinzig-Kreis;97;24;121;2020
Landkreis Main-Taunus-Kreis;61;2;63;2020
Landkreis Marburg-Biedenkopf;77;4;81;2020
Landkreis Odenwaldkreis;45;0;45;2020
Landkreis Offenbach;148;12;160;2020
Landkreis Rheingau-Taunus-Kreis;69;0;69;2020
Landkreis Schwalm-Eder-Kreis;59;13;72;2020
Landkreis Vogelsbergkreis;46;20;66;2020
Landkreis Waldeck-Frankenberg;10;8;18;2020
Landkreis Werra-Meißner-Kreis;31;3;34;2020
Landkreis Wetteraukreis;70;12;82;2020
Kreisfreie Stadt Rostock;46;8;54;2020
Kreisfreie Stadt Schwerin;2;0;2;2020
Landkreis Ludwigslust-Parchim;39;20;59;2020
Landkreis Mecklenburgische Seenplatte;29;3;32;2020
Landkreis Nordwestmecklenburg;33;8;41;2020
Landkreis Rostock;37;0;37;2020
Landkreis Vorpommern-Greifswald;38;15;53;2020
Landkreis Vorpommern-Rügen;33;6;39;2020
Kreisfreie Stadt Braunschweig;98;17;115;2020
Kreisfreie Stadt Delmenhorst;19;4;23;2020
Kreisfreie Stadt Emden;34;2;36;2020
Kreisfreie Stadt Oldenburg (Oldb);66;12;78;2020
Kreisfreie Stadt Osnabrück;66;8;74;2020
Kreisfreie Stadt Salzgitter;54;1;55;2020
Kreisfreie Stadt Wilhelmshaven;18;4;22;2020
Kreisfreie Stadt Wolfsburg;279;3;282;2020
Landkreis Ammerland;53;3;56;2020
Landkreis Aurich;58;3;61;2020
Landkreis Celle;9;3;12;2020
Landkreis Cloppenburg;60;2;62;2020
Landkreis Cuxhaven;60;3;63;2020
Landkreis Diepholz;64;9;73;2020
Landkreis Emsland;87;21;108;2020
Landkreis Friesland;81;2;83;2020
Landkreis Gifhorn;14;7;21;2020
Landkreis Goslar;27;11;38;2020
Landkreis Göttingen;82;16;98;2020
Landkreis Grafschaft Bentheim;42;8;50;2020
Landkreis Hameln-Pyrmont;24;6;30;2020
Landkreis Harburg;48;24;72;2020
Landkreis Heidekreis;25;18;43;2020
Landkreis Helmstedt;19;12;31;2020
Landkreis Hildesheim;82;36;118;2020
Landkreis Holzminden;32;0;32;2020
Landkreis Leer;80;6;86;2020
Landkreis Lüchow-Dannenberg;5;0;5;2020
Landkreis Lüneburg;54;2;56;2020
Landkreis Nienburg (Weser);72;9;81;2020
Landkreis Northeim;49;7;56;2020
Landkreis Oldenburg;41;18;59;2020
Landkreis Osnabrück;121;17;138;2020
Landkreis Osterholz;45;5;50;2020
Landkreis Peine;9;8;17;2020
Landkreis Region Hannover;360;41;401;2020
Landkreis Rotenburg (Wümme);38;38;76;2020
Landkreis Schaumburg;77;23;100;2020
Landkreis Stade;50;6;56;2020
Landkreis Uelzen;15;23;38;2020
Landkreis Vechta;46;22;68;2020
Landkreis Verden;37;21;58;2020
Landkreis Wesermarsch;38;4;42;2020
Landkreis Wittmund;22;2;24;2020
Landkreis Wolfenbüttel;16;5;21;2020
Kreis Borken;178;2;180;2020
Kreis Coesfeld;65;5;70;2020
Kreis Düren;71;6;77;2020
Kreis Ennepe-Ruhr-Kreis;106;4;110;2020
Kreis Euskirchen;90;6;96;2020
Kreis Gütersloh;109;10;119;2020
Kreis Heinsberg;98;1;99;2020
Kreis Herford;64;7;71;2020
Kreis Hochsauerlandkreis;84;6;90;2020
Kreis Höxter;37;3;40;2020
Kreis Kleve;189;15;204;2020
Kreis Lippe;109;4;113;2020
Kreis Märkischer Kreis;59;16;75;2020
Kreis Mettmann;134;18;152;2020
Kreis Minden-Lübbecke;68;4;72;2020
Kreis Oberbergischer Kreis;72;2;74;2020
Kreis Olpe;78;0;78;2020
Kreis Paderborn;112;13;125;2020
Kreis Recklinghausen;146;22;168;2020
Kreis Rhein-Erft-Kreis;63;28;91;2020
Kreis Rheinisch-Bergischer Kreis;51;24;75;2020
Kreis Rhein-Kreis Neuss;115;11;126;2020
Kreis Rhein-Sieg-Kreis;178;35;213;2020
Kreis Siegen-Wittgenstein;48;15;63;2020
Kreis Soest;93;24;117;2020
Kreis Städteregion Aachen;226;42;268;2020
Kreis Steinfurt;139;12;151;2020
Kreis Unna;105;11;116;2020
Kreis Viersen;153;12;165;2020
Kreis Warendorf;64;12;76;2020
Kreis Wesel;102;9;111;2020
Kreisfreie Stadt Bielefeld;94;22;116;2020
Kreisfreie Stadt Bochum;116;14;130;2020
Kreisfreie Stadt Bonn;85;4;89;2020
Kreisfreie Stadt Bottrop;33;8;41;2020
Kreisfreie Stadt Dortmund;146;21;167;2020
Kreisfreie Stadt Duisburg;58;6;64;2020
Kreisfreie Stadt Düsseldorf;220;1;221;2020
Kreisfreie Stadt Essen;203;12;215;2020
Kreisfreie Stadt Gelsenkirchen;58;7;65;2020
Kreisfreie Stadt Hagen;44;10;54;2020
Kreisfreie Stadt Hamm;29;10;39;2020
Kreisfreie Stadt Herne;38;4;42;2020
Kreisfreie Stadt Köln;291;19;310;2020
Kreisfreie Stadt Krefeld;32;1;33;2020
Kreisfreie Stadt Leverkusen;32;4;36;2020
Kreisfreie Stadt Mönchengladbach;52;8;60;2020
Kreisfreie Stadt Mülheim an der Ruhr;11;0;11;2020
Kreisfreie Stadt Münster;18;12;30;2020
Kreisfreie Stadt Oberhausen;56;4;60;2020
Kreisfreie Stadt Remscheid;6;8;14;2020
Kreisfreie Stadt Solingen;59;15;74;2020
Kreisfreie Stadt Wuppertal;81;12;93;2020
Kreisfreie Stadt Frankenthal (Pfalz);4;4;8;2020
Kreisfreie Stadt Kaiserslautern;50;2;52;2020
Kreisfreie Stadt Koblenz;21;6;27;2020
Kreisfreie Stadt Landau in der Pfalz;59;9;68;2020
Kreisfreie Stadt Ludwigshafen am Rhein;14;6;20;2020
Kreisfreie Stadt Mainz;83;4;87;2020
Kreisfreie Stadt Neustadt an der Weinstraße;46;0;46;2020
Kreisfreie Stadt Pirmasens;2;2;4;2020
Kreisfreie Stadt Speyer;27;7;34;2020
Kreisfreie Stadt Trier;64;4;68;2020
Kreisfreie Stadt Worms;14;9;23;2020
Kreisfreie Stadt Zweibrücken;12;0;12;2020
Landkreis Ahrweiler;12;12;24;2020
Landkreis Altenkirchen (Westerwald);15;8;23;2020
Landkreis Alzey-Worms;35;2;37;2020
Landkreis Bad Dürkheim;26;22;48;2020
Landkreis Bad Kreuznach;28;10;38;2020
Landkreis Bernkastel-Wittlich;45;17;62;2020
Landkreis Birkenfeld;20;5;25;2020
Landkreis Cochem-Zell;4;0;4;2020
Landkreis Donnersbergkreis;17;6;23;2020
Landkreis Eifelkreis Bitburg-Prüm;54;0;54;2020
Landkreis Germersheim;16;16;32;2020
Landkreis Kaiserslautern;13;10;23;2020
Landkreis Kusel;10;10;20;2020
Landkreis Mainz-Bingen;38;12;50;2020
Landkreis Mayen-Koblenz;54;21;75;2020
Landkreis Neuwied;26;25;51;2020
Landkreis Rhein-Hunsrück-Kreis;28;4;32;2020
Landkreis Rhein-Lahn-Kreis;21;0;21;2020
Landkreis Rhein-Pfalz-Kreis;31;13;44;2020
Landkreis Südliche Weinstraße;38;22;60;2020
Landkreis Südwestpfalz;8;6;14;2020
Landkreis Trier-Saarburg;44;8;52;2020
Landkreis Vulkaneifel;19;0;19;2020
Landkreis Westerwaldkreis;15;25;40;2020
Landkreis Merzig-Wadern;14;1;15;2020
Landkreis Neunkirchen;10;1;11;2020
Landkreis Regionalverband Saarbrücken;56;13;69;2020
Landkreis Saarlouis;48;8;56;2020
Landkreis Saarpfalz-Kreis;36;12;48;2020
Landkreis St. Wendel;6;0;6;2020
Kreisfreie Stadt Chemnitz;127;23;150;2020
Kreisfreie Stadt Dresden;129;66;195;2020
Kreisfreie Stadt Leipzig;139;20;159;2020
Landkreis Bautzen;57;12;69;2020
Landkreis Erzgebirgskreis;56;7;63;2020
Landkreis Görlitz;33;12;45;2020
Landkreis Leipzig;71;18;89;2020
Landkreis Meißen;47;10;57;2020
Landkreis Mittelsachsen;50;20;70;2020
Landkreis Nordsachsen;15;13;28;2020
Landkreis Sächsische Schweiz-Osterzgebirge;29;25;54;2020
Landkreis Vogtlandkreis;63;12;75;2020
Landkreis Zwickau;74;21;95;2020
Kreisfreie Stadt Dessau-Roßlau;10;2;12;2020
Kreisfreie Stadt Halle (Saale);45;6;51;2020
Kreisfreie Stadt Magdeburg;47;11;58;2020
Landkreis Altmarkkreis Salzwedel;11;8;19;2020
Landkreis Anhalt-Bitterfeld;35;14;49;2020
Landkreis Börde;34;19;53;2020
Landkreis Burgenlandkreis;27;14;41;2020
Landkreis Harz;37;4;41;2020
Landkreis Jerichower Land;4;2;6;2020
Landkreis Mansfeld-Südharz;40;22;62;2020
Landkreis Saalekreis;52;4;56;2020
Landkreis Salzlandkreis;47;26;73;2020
Landkreis Stendal;22;2;24;2020
Landkreis Wittenberg;29;0;29;2020
Kreis Dithmarschen;92;4;96;2020
Kreis Herzogtum Lauenburg;56;15;71;2020
Kreis Nordfriesland;203;19;222;2020
Kreis Ostholstein;140;36;176;2020
Kreis Pinneberg;89;19;108;2020
Kreis Plön;35;0;35;2020
Kreis Rendsburg-Eckernförde;81;15;96;2020
Kreis Schleswig-Flensburg;84;17;101;2020
Kreis Segeberg;101;29;130;2020
Kreis Steinburg;41;4;45;2020
Kreis Stormarn;104;30;134;2020
Kreisfreie Stadt Flensburg;19;6;25;2020
Kreisfreie Stadt Kiel;90;6;96;2020
Kreisfreie Stadt Lübeck;47;7;54;2020
Kreisfreie Stadt Neumünster;17;12;29;2020
Kreisfreie Stadt Eisenach;32;0;32;2020
Kreisfreie Stadt Erfurt;59;24;83;2020
Kreisfreie Stadt Gera;33;8;41;2020
Kreisfreie Stadt Jena;40;3;43;2020
Kreisfreie Stadt Suhl;12;2;14;2020
Kreisfreie Stadt Weimar;19;4;23;2020
Landkreis Altenburger Land;16;17;33;2020
Landkreis Eichsfeld;41;9;50;2020
Landkreis Gotha;25;13;38;2020
Landkreis Greiz;8;0;8;2020
Landkreis Hildburghausen;8;4;12;2020
Landkreis Ilm-Kreis;25;20;45;2020
Landkreis Kyffhäuserkreis;22;4;26;2020
Landkreis Nordhausen;26;6;32;2020
Landkreis Saale-Holzland-Kreis;32;14;46;2020
Landkreis Saale-Orla-Kreis;28;6;34;2020
Landkreis Saalfeld-Rudolstadt;23;2;25;2020
Landkreis Schmalkalden-Meiningen;41;0;41;2020
Landkreis Sömmerda;8;4;12;2020
Landkreis Sonneberg;12;0;12;2020
Landkreis Unstrut-Hainich-Kreis;27;16;43;2020
Landkreis Wartburgkreis;24;0;24;2020
Landkreis Weimarer Land;19;4;23;2020
Landkreis Alb-Donau-Kreis;126;28;154;2021
Landkreis Biberach;79;20;99;2021
Landkreis Böblingen;205;47;252;2021
Landkreis Bodenseekreis;205;20;225;2021
Landkreis Breisgau-Hochschwarzwald;136;29;165;2021
Landkreis Calw;154;2;156;2021
Landkreis Emmendingen;74;8;82;2021
Landkreis Enzkreis;110;21;131;2021
Landkreis Esslingen;291;52;343;2021
Landkreis Freudenstadt;60;5;65;2021
Landkreis Göppingen;75;32;107;2021
Landkreis Heidenheim;61;24;85;2021
Landkreis Heilbronn;298;54;352;2021
Landkreis Hohenlohekreis;51;34;85;2021
Landkreis Karlsruhe;348;28;376;2021
Landkreis Konstanz;125;29;154;2021
Landkreis Lörrach;126;16;142;2021
Landkreis Ludwigsburg;309;53;362;2021
Landkreis Main-Tauber-Kreis;91;18;109;2021
Landkreis Neckar-Odenwald-Kreis;61;10;71;2021
Landkreis Ortenaukreis;169;63;232;2021
Landkreis Ostalbkreis;163;30;193;2021
Landkreis Rastatt;85;18;103;2021
Landkreis Ravensburg;127;38;165;2021
Landkreis Rems-Murr-Kreis;168;38;206;2021
Landkreis Reutlingen;162;23;185;2021
Landkreis Rhein-Neckar-Kreis;191;58;249;2021
Landkreis Rottweil;74;30;104;2021
Landkreis Schwäbisch Hall;97;21;118;2021
Landkreis Schwarzwald-Baar-Kreis;116;17;133;2021
Landkreis Sigmaringen;76;16;92;2021
Landkreis Tübingen;111;14;125;2021
Landkreis Tuttlingen;77;6;83;2021
Landkreis Waldshut;146;20;166;2021
Landkreis Zollernalbkreis;63;15;78;2021
Stadtkreis Baden-Baden;40;8;48;2021
Stadtkreis Freiburg im Breisgau;52;8;60;2021
Stadtkreis Heidelberg;111;3;114;2021
Stadtkreis Heilbronn;199;12;211;2021
Stadtkreis Karlsruhe;101;32;133;2021
Stadtkreis Mannheim;157;16;173;2021
Stadtkreis Pforzheim;50;11;61;2021
Stadtkreis Stuttgart;402;61;463;2021
Stadtkreis Ulm;91;19;110;2021
Kreisfreie Stadt Amberg;15;4;19;2021
Kreisfreie Stadt Ansbach;25;4;29;2021
Kreisfreie Stadt Aschaffenburg;25;12;37;2021
Kreisfreie Stadt Augsburg;135;25;160;2021
Kreisfreie Stadt Bamberg;59;0;59;2021
Kreisfreie Stadt Bayreuth;38;8;46;2021
Kreisfreie Stadt Coburg;30;6;36;2021
Kreisfreie Stadt Erlangen;37;9;46;2021
Kreisfreie Stadt Fürth;88;4;92;2021
Kreisfreie Stadt Hof;16;0;16;2021
Kreisfreie Stadt Ingolstadt;311;17;328;2021
Kreisfreie Stadt Kaufbeuren;21;2;23;2021
Kreisfreie Stadt Kempten (Allgäu);42;3;45;2021
Kreisfreie Stadt Landshut;29;11;40;2021
Kreisfreie Stadt Memmingen;17;7;24;2021
Kreisfreie Stadt München;1492;58;1550;2021
Kreisfreie Stadt Nürnberg;240;13;253;2021
Kreisfreie Stadt Passau;50;27;77;2021
Kreisfreie Stadt Regensburg;340;15;355;2021
Kreisfreie Stadt Rosenheim;4;4;8;2021
Kreisfreie Stadt Schwabach;14;8;22;2021
Kreisfreie Stadt Schweinfurt;52;9;61;2021
Kreisfreie Stadt Straubing;27;14;41;2021
Kreisfreie Stadt Weiden i.d. OPf.;25;5;30;2021
Kreisfreie Stadt Würzburg;49;10;59;2021
Landkreis Aichach-Friedberg;33;7;40;2021
Landkreis Altötting;90;11;101;2021
Landkreis Amberg-Sulzbach;63;9;72;2021
Landkreis Ansbach;131;34;165;2021
Landkreis Aschaffenburg;54;21;75;2021
Landkreis Augsburg;78;21;99;2021
Landkreis Bad Kissingen;44;12;56;2021
Landkreis Bad Tölz-Wolfratshausen;58;16;74;2021
Landkreis Bamberg;37;8;45;2021
Landkreis Bayreuth;41;12;53;2021
Landkreis Berchtesgadener Land;66;9;75;2021
Landkreis Cham;68;5;73;2021
Landkreis Coburg;17;6;23;2021
Landkreis Dachau;44;9;53;2021
Landkreis Deggendorf;105;5;110;2021
Landkreis Dillingen a.d. Donau;55;3;58;2021
Landkreis Dingolfing-Landau;266;12;278;2021
Landkreis Donau-Ries;59;5;64;2021
Landkreis Ebersberg;48;5;53;2021
Landkreis Eichstätt;71;19;90;2021
Landkreis Erding;74;12;86;2021
Landkreis Erlangen-Höchstadt;95;11;106;2021
Landkreis Forchheim;106;0;106;2021
Landkreis Freising;78;47;125;2021
Landkreis Freyung-Grafenau;99;8;107;2021
Landkreis Fürstenfeldbruck;85;15;100;2021
Landkreis Fürth;68;8;76;2021
Landkreis Garmisch-Partenkirchen;80;2;82;2021
Landkreis Günzburg;50;15;65;2021
Landkreis Haßberge;36;8;44;2021
Landkreis Hof;18;21;39;2021
Landkreis Kelheim;46;3;49;2021
Landkreis Kitzingen;89;39;128;2021
Landkreis Kronach;9;2;11;2021
Landkreis Kulmbach;25;9;34;2021
Landkreis Landsberg am Lech;43;29;72;2021
Landkreis Landshut;126;17;143;2021
Landkreis Lichtenfels;15;0;15;2021
Landkreis Lindau (Bodensee);71;5;76;2021
Landkreis Main-Spessart;82;2;84;2021
Landkreis Miesbach;60;27;87;2021
Landkreis Miltenberg;18;0;18;2021
Landkreis Mühldorf a. Inn;65;17;82;2021
Landkreis München;317;32;349;2021
Landkreis Neuburg-Schrobenhausen;53;2;55;2021
Landkreis Neumarkt i.d. OPf.;93;16;109;2021
Landkreis Neustadt a.d. Aisch-Bad Windsheim;107;7;114;2021
Landkreis Neustadt a.d. Waldnaab;28;14;42;2021
Landkreis Neu-Ulm;99;19;118;2021
Landkreis Nürnberger Land;101;13;114;2021
Landkreis Oberallgäu;83;16;99;2021
Landkreis Ostallgäu;71;4;75;2021
Landkreis Passau;183;13;196;2021
Landkreis Pfaffenhofen a.d. Ilm;35;13;48;2021
Landkreis Regen;154;5;159;2021
Landkreis Regensburg;113;13;126;2021
Landkreis Rhön-Grabfeld;47;30;77;2021
Landkreis Rosenheim;141;37;178;2021
Landkreis Roth;66;22;88;2021
Landkreis Rottal-Inn;54;8;62;2021
Landkreis Schwandorf;58;12;70;2021
Landkreis Schweinfurt;106;12;118;2021
Landkreis Starnberg;44;3;47;2021
Landkreis Straubing-Bogen;95;21;116;2021
Landkreis Tirschenreuth;36;0;36;2021
Landkreis Traunstein;102;23;125;2021
Landkreis Unterallgäu;57;21;78;2021
Landkreis Weilheim-Schongau;52;5;57;2021
Landkreis Weißenburg-Gunzenhausen;30;4;34;2021
Landkreis Wunsiedel i. Fichtelgebirge;62;14;76;2021
Landkreis Würzburg;70;20;90;2021
Kreisfreie Stadt Berlin;1582;150;1732;2021
Kreisfreie Stadt Brandenburg an der Havel;35;2;37;2021
Kreisfreie Stadt Cottbus;9;7;16;2021
Kreisfreie Stadt Frankfurt (Oder);21;0;21;2021
Kreisfreie Stadt Potsdam;82;6;88;2021
Landkreis Barnim;68;6;74;2021
Landkreis Dahme-Spreewald;60;13;73;2021
Landkreis Elbe-Elster;21;2;23;2021
Landkreis Havelland;35;6;41;2021
Landkreis Märkisch-Oderland;16;16;32;2021
Landkreis Oberhavel;52;19;71;2021
Landkreis Oberspreewald-Lausitz;25;15;40;2021
Landkreis Oder-Spree;17;6;23;2021
Landkreis Ostprignitz-Ruppin;54;25;79;2021
Landkreis Potsdam-Mittelmark;81;24;105;2021
Landkreis Prignitz;5;2;7;2021
Landkreis Spree-Neiße;30;1;31;2021
Landkreis Teltow-Fläming;47;27;74;2021
Landkreis Uckermark;86;2;88;2021
Kreisfreie Stadt Bremen;257;40;297;2021
Kreisfreie Stadt Bremerhaven;50;8;58;2021
Kreisfreie Stadt Hamburg;1195;197;1392;2021
Kreisfreie Stadt Darmstadt;100;6;106;2021
Kreisfreie Stadt Frankfurt am Main;232;25;257;2021
Kreisfreie Stadt Kassel;57;15;72;2021
Kreisfreie Stadt Offenbach am Main;20;5;25;2021
Kreisfreie Stadt Wiesbaden;150;45;195;2021
Landkreis Bergstraße;98;30;128;2021
Landkreis Darmstadt-Dieburg;145;24;169;2021
Landkreis Fulda;110;30;140;2021
Landkreis Gießen;65;43;108;2021
Landkreis Groß-Gerau;95;14;109;2021
Landkreis Hersfeld-Rotenburg;45;12;57;2021
Landkreis Hochtaunuskreis;73;1;74;2021
Landkreis Kassel;162;29;191;2021
Landkreis Lahn-Dill-Kreis;39;26;65;2021
Landkreis Limburg-Weilburg;93;30;123;2021
Landkreis Main-Kinzig-Kreis;142;25;167;2021
Landkreis Main-Taunus-Kreis;94;6;100;2021
Landkreis Marburg-Biedenkopf;89;5;94;2021
Landkreis Odenwaldkreis;47;1;48;2021
Landkreis Offenbach;189;12;201;2021
Landkreis Rheingau-Taunus-Kreis;100;6;106;2021
Landkreis Schwalm-Eder-Kreis;65;17;82;2021
Landkreis Vogelsbergkreis;58;23;81;2021
Landkreis Waldeck-Frankenberg;31;12;43;2021
Landkreis Werra-Meißner-Kreis;43;15;58;2021
Landkreis Wetteraukreis;97;16;113;2021
Kreisfreie Stadt Rostock;59;16;75;2021
Kreisfreie Stadt Schwerin;11;2;13;2021
Landkreis Ludwigslust-Parchim;61;29;90;2021
Landkreis Mecklenburgische Seenplatte;37;5;42;2021
Landkreis Nordwestmecklenburg;54;13;67;2021
Landkreis Rostock;65;4;69;2021
Landkreis Vorpommern-Greifswald;55;21;76;2021
Landkreis Vorpommern-Rügen;63;6;69;2021
Kreisfreie Stadt Braunschweig;103;19;122;2021
Kreisfreie Stadt Delmenhorst;24;4;28;2021
Kreisfreie Stadt Emden;46;4;50;2021
Kreisfreie Stadt Oldenburg (Oldb);83;25;108;2021
Kreisfreie Stadt Osnabrück;83;22;105;2021
Kreisfreie Stadt Salzgitter;104;1;105;2021
Kreisfreie Stadt Wilhelmshaven;25;6;31;2021
Kreisfreie Stadt Wolfsburg;450;13;463;2021
Landkreis Ammerland;61;7;68;2021
Landkreis Aurich;65;3;68;2021
Landkreis Celle;10;7;17;2021
Landkreis Cloppenburg;72;9;81;2021
Landkreis Cuxhaven;64;7;71;2021
Landkreis Diepholz;83;16;99;2021
Landkreis Emsland;161;30;191;2021
Landkreis Friesland;86;6;92;2021
Landkreis Gifhorn;33;9;42;2021
Landkreis Goslar;34;21;55;2021
Landkreis Göttingen;128;18;146;2021
Landkreis Grafschaft Bentheim;63;15;78;2021
Landkreis Hameln-Pyrmont;25;15;40;2021
Landkreis Harburg;79;33;112;2021
Landkreis Heidekreis;57;30;87;2021
Landkreis Helmstedt;24;18;42;2021
Landkreis Hildesheim;99;45;144;2021
Landkreis Holzminden;40;0;40;2021
Landkreis Leer;94;6;100;2021
Landkreis Lüchow-Dannenberg;5;2;7;2021
Landkreis Lüneburg;73;6;79;2021
Landkreis Nienburg (Weser);89;13;102;2021
Landkreis Northeim;61;12;73;2021
Landkreis Oldenburg;42;29;71;2021
Landkreis Osnabrück;155;39;194;2021
Landkreis Osterholz;49;8;57;2021
Landkreis Peine;10;12;22;2021
Landkreis Region Hannover;538;64;602;2021
Landkreis Rotenburg (Wümme);62;52;114;2021
Landkreis Schaumburg;94;26;120;2021
Landkreis Stade;78;7;85;2021
Landkreis Uelzen;16;23;39;2021
Landkreis Vechta;87;38;125;2021
Landkreis Verden;61;27;88;2021
Landkreis Wesermarsch;43;6;49;2021
Landkreis Wittmund;26;2;28;2021
Landkreis Wolfenbüttel;18;5;23;2021
Kreis Borken;251;5;256;2021
Kreis Coesfeld;106;16;122;2021
Kreis Düren;108;12;120;2021
Kreis Ennepe-Ruhr-Kreis;134;6;140;2021
Kreis Euskirchen;97;7;104;2021
Kreis Gütersloh;146;21;167;2021
Kreis Heinsberg;108;4;112;2021
Kreis Herford;81;11;92;2021
Kreis Hochsauerlandkreis;138;14;152;2021
Kreis Höxter;57;3;60;2021
Kreis Kleve;215;24;239;2021
Kreis Lippe;142;8;150;2021
Kreis Märkischer Kreis;107;22;129;2021
Kreis Mettmann;200;42;242;2021
Kreis Minden-Lübbecke;94;6;100;2021
Kreis Oberbergischer Kreis;92;8;100;2021
Kreis Olpe;88;0;88;2021
Kreis Paderborn;136;15;151;2021
Kreis Recklinghausen;170;36;206;2021
Kreis Rhein-Erft-Kreis;145;38;183;2021
Kreis Rheinisch-Bergischer Kreis;60;33;93;2021
Kreis Rhein-Kreis Neuss;144;21;165;2021
Kreis Rhein-Sieg-Kreis;217;49;266;2021
Kreis Siegen-Wittgenstein;90;15;105;2021
Kreis Soest;112;36;148;2021
Kreis Städteregion Aachen;289;49;338;2021
Kreis Steinfurt;178;34;212;2021
Kreis Unna;168;15;183;2021
Kreis Viersen;190;21;211;2021
Kreis Warendorf;95;20;115;2021
Kreis Wesel;158;21;179;2021
Kreisfreie Stadt Bielefeld;152;39;191;2021
Kreisfreie Stadt Bochum;150;22;172;2021
Kreisfreie Stadt Bonn;138;7;145;2021
Kreisfreie Stadt Bottrop;47;14;61;2021
Kreisfreie Stadt Dortmund;168;39;207;2021
Kreisfreie Stadt Duisburg;95;12;107;2021
Kreisfreie Stadt Düsseldorf;279;5;284;2021
Kreisfreie Stadt Essen;419;18;437;2021
Kreisfreie Stadt Gelsenkirchen;73;13;86;2021
Kreisfreie Stadt Hagen;56;14;70;2021
Kreisfreie Stadt Hamm;55;14;69;2021
Kreisfreie Stadt Herne;63;6;69;2021
Kreisfreie Stadt Köln;348;24;372;2021
Kreisfreie Stadt Krefeld;46;5;51;2021
Kreisfreie Stadt Leverkusen;48;5;53;2021
Kreisfreie Stadt Mönchengladbach;79;11;90;2021
Kreisfreie Stadt Mülheim an der Ruhr;18;1;19;2021
Kreisfreie Stadt Münster;48;15;63;2021
Kreisfreie Stadt Oberhausen;98;10;108;2021
Kreisfreie Stadt Remscheid;7;12;19;2021
Kreisfreie Stadt Solingen;77;15;92;2021
Kreisfreie Stadt Wuppertal;98;22;120;2021
Kreisfreie Stadt Frankenthal (Pfalz);18;6;24;2021
Kreisfreie Stadt Kaiserslautern;63;4;67;2021
Kreisfreie Stadt Koblenz;39;14;53;2021
Kreisfreie Stadt Landau in der Pfalz;67;11;78;2021
Kreisfreie Stadt Ludwigshafen am Rhein;18;7;25;2021
Kreisfreie Stadt Mainz;115;4;119;2021
Kreisfreie Stadt Neustadt an der Weinstraße;48;0;48;2021
Kreisfreie Stadt Pirmasens;4;2;6;2021
Kreisfreie Stadt Speyer;39;7;46;2021
Kreisfreie Stadt Trier;67;6;73;2021
Kreisfreie Stadt Worms;21;9;30;2021
Kreisfreie Stadt Zweibrücken;34;10;44;2021
Landkreis Ahrweiler;18;12;30;2021
Landkreis Altenkirchen (Westerwald);30;16;46;2021
Landkreis Alzey-Worms;37;2;39;2021
Landkreis Bad Dürkheim;64;22;86;2021
Landkreis Bad Kreuznach;33;22;55;2021
Landkreis Bernkastel-Wittlich;55;17;72;2021
Landkreis Birkenfeld;20;5;25;2021
Landkreis Cochem-Zell;22;0;22;2021
Landkreis Donnersbergkreis;17;6;23;2021
Landkreis Eifelkreis Bitburg-Prüm;60;0;60;2021
Landkreis Germersheim;24;22;46;2021
Landkreis Kaiserslautern;30;19;49;2021
Landkreis Kusel;13;13;26;2021
Landkreis Mainz-Bingen;40;12;52;2021
Landkreis Mayen-Koblenz;69;30;99;2021
Landkreis Neuwied;44;33;77;2021
Landkreis Rhein-Hunsrück-Kreis;35;15;50;2021
Landkreis Rhein-Lahn-Kreis;41;0;41;2021
Landkreis Rhein-Pfalz-Kreis;49;29;78;2021
Landkreis Südliche Weinstraße;53;26;79;2021
Landkreis Südwestpfalz;12;8;20;2021
Landkreis Trier-Saarburg;56;8;64;2021
Landkreis Vulkaneifel;36;1;37;2021
Landkreis Westerwaldkreis;42;29;71;2021
Landkreis Merzig-Wadern;25;3;28;2021
Landkreis Neunkirchen;21;3;24;2021
Landkreis Regionalverband Saarbrücken;109;17;126;2021
Landkreis Saarlouis;64;12;76;2021
Landkreis Saarpfalz-Kreis;57;14;71;2021
Landkreis St. Wendel;20;0;20;2021
Kreisfreie Stadt Chemnitz;152;29;181;2021
Kreisfreie Stadt Dresden;201;99;300;2021
Kreisfreie Stadt Leipzig;219;39;258;2021
Landkreis Bautzen;82;20;102;2021
Landkreis Erzgebirgskreis;73;8;81;2021
Landkreis Görlitz;62;17;79;2021
Landkreis Leipzig;81;23;104;2021
Landkreis Meißen;70;20;90;2021
Landkreis Mittelsachsen;69;22;91;2021
Landkreis Nordsachsen;31;14;45;2021
Landkreis Sächsische Schweiz-Osterzgebirge;52;40;92;2021
Landkreis Vogtlandkreis;71;14;85;2021
Landkreis Zwickau;142;26;168;2021
Kreisfreie Stadt Dessau-Roßlau;20;4;24;2021
Kreisfreie Stadt Halle (Saale);52;11;63;2021
Kreisfreie Stadt Magdeburg;82;19;101;2021
Landkreis Altmarkkreis Salzwedel;26;18;44;2021
Landkreis Anhalt-Bitterfeld;37;18;55;2021
Landkreis Börde;58;23;81;2021
Landkreis Burgenlandkreis;48;22;70;2021
Landkreis Harz;59;4;63;2021
Landkreis Jerichower Land;12;2;14;2021
Landkreis Mansfeld-Südharz;56;22;78;2021
Landkreis Saalekreis;71;7;78;2021
Landkreis Salzlandkreis;49;28;77;2021
Landkreis Stendal;22;2;24;2021
Landkreis Wittenberg;29;0;29;2021
Kreis Dithmarschen;143;13;156;2021
Kreis Herzogtum Lauenburg;65;17;82;2021
Kreis Nordfriesland;247;25;272;2021
Kreis Ostholstein;150;39;189;2021
Kreis Pinneberg;176;33;209;2021
Kreis Plön;54;1;55;2021
Kreis Rendsburg-Eckernförde;145;15;160;2021
Kreis Schleswig-Flensburg;137;31;168;2021
Kreis Segeberg;126;44;170;2021
Kreis Steinburg;43;6;49;2021
Kreis Stormarn;125;39;164;2021
Kreisfreie Stadt Flensburg;31;8;39;2021
Kreisfreie Stadt Kiel;181;12;193;2021
Kreisfreie Stadt Lübeck;58;13;71;2021
Kreisfreie Stadt Neumünster;23;20;43;2021
Kreisfreie Stadt Eisenach;34;0;34;2021
Kreisfreie Stadt Erfurt;74;44;118;2021
Kreisfreie Stadt Gera;48;10;58;2021
Kreisfreie Stadt Jena;46;3;49;2021
Kreisfreie Stadt Suhl;15;2;17;2021
Kreisfreie Stadt Weimar;23;5;28;2021
Landkreis Altenburger Land;26;27;53;2021
Landkreis Eichsfeld;47;11;58;2021
Landkreis Gotha;33;17;50;2021
Landkreis Greiz;16;2;18;2021
Landkreis Hildburghausen;12;5;17;2021
Landkreis Ilm-Kreis;30;22;52;2021
Landkreis Kyffhäuserkreis;34;10;44;2021
Landkreis Nordhausen;33;9;42;2021
Landkreis Saale-Holzland-Kreis;37;21;58;2021
Landkreis Saale-Orla-Kreis;42;14;56;2021
Landkreis Saalfeld-Rudolstadt;29;4;33;2021
Landkreis Schmalkalden-Meiningen;51;0;51;2021
Landkreis Sömmerda;9;6;15;2021
Landkreis Sonneberg;12;0;12;2021
Landkreis Unstrut-Hainich-Kreis;27;16;43;2021
Landkreis Wartburgkreis;33;4;37;2021
Landkreis Weimarer Land;25;4;29;2021
Landkreis Alb-Donau-Kreis;153;35;188;2022
Landkreis Biberach;95;26;121;2022
Landkreis Böblingen;323;62;385;2022
Landkreis Bodenseekreis;254;26;280;2022
Landkreis Breisgau-Hochschwarzwald;220;36;256;2022
Landkreis Calw;173;2;175;2022
Landkreis Emmendingen;98;13;111;2022
Landkreis Enzkreis;130;30;160;2022
Landkreis Esslingen;380;63;443;2022
Landkreis Freudenstadt;92;11;103;2022
Landkreis Göppingen;159;38;197;2022
Landkreis Heidenheim;72;26;98;2022
Landkreis Heilbronn;384;100;484;2022
Landkreis Hohenlohekreis;78;38;116;2022
Landkreis Karlsruhe;422;36;458;2022
Landkreis Konstanz;167;45;212;2022
Landkreis Lörrach;185;20;205;2022
Landkreis Ludwigsburg;447;78;525;2022
Landkreis Main-Tauber-Kreis;117;24;141;2022
Landkreis Neckar-Odenwald-Kreis;79;10;89;2022
Landkreis Ortenaukreis;258;81;339;2022
Landkreis Ostalbkreis;236;39;275;2022
Landkreis Rastatt;137;25;162;2022
Landkreis Ravensburg;293;42;335;2022
Landkreis Rems-Murr-Kreis;235;47;282;2022
Landkreis Reutlingen;194;23;217;2022
Landkreis Rhein-Neckar-Kreis;262;96;358;2022
Landkreis Rottweil;91;33;124;2022
Landkreis Schwäbisch Hall;227;21;248;2022
Landkreis Schwarzwald-Baar-Kreis;147;24;171;2022
Landkreis Sigmaringen;93;18;111;2022
Landkreis Tübingen;137;16;153;2022
Landkreis Tuttlingen;130;16;146;2022
Landkreis Waldshut;180;26;206;2022
Landkreis Zollernalbkreis;114;20;134;2022
Stadtkreis Baden-Baden;48;10;58;2022
Stadtkreis Freiburg im Breisgau;184;21;205;2022
Stadtkreis Heidelberg;169;12;181;2022
Stadtkreis Heilbronn;322;20;342;2022
Stadtkreis Karlsruhe;130;55;185;2022
Stadtkreis Mannheim;180;18;198;2022
Stadtkreis Pforzheim;61;17;78;2022
Stadtkreis Stuttgart;973;74;1047;2022
Stadtkreis Ulm;137;33;170;2022
Kreisfreie Stadt Amberg;16;4;20;2022
Kreisfreie Stadt Ansbach;32;6;38;2022
Kreisfreie Stadt Aschaffenburg;25;12;37;2022
Kreisfreie Stadt Augsburg;159;43;202;2022
Kreisfreie Stadt Bamberg;59;2;61;2022
Kreisfreie Stadt Bayreuth;38;14;52;2022
Kreisfreie Stadt Coburg;31;14;45;2022
Kreisfreie Stadt Erlangen;51;13;64;2022
Kreisfreie Stadt Fürth;170;6;176;2022
Kreisfreie Stadt Hof;18;0;18;2022
Kreisfreie Stadt Ingolstadt;362;35;397;2022
Kreisfreie Stadt Kaufbeuren;51;7;58;2022
Kreisfreie Stadt Kempten (Allgäu);58;9;67;2022
Kreisfreie Stadt Landshut;58;14;72;2022
Kreisfreie Stadt Memmingen;24;9;33;2022
Kreisfreie Stadt München;2101;78;2179;2022
Kreisfreie Stadt Nürnberg;456;27;483;2022
Kreisfreie Stadt Passau;80;27;107;2022
Kreisfreie Stadt Regensburg;372;23;395;2022
Kreisfreie Stadt Rosenheim;22;8;30;2022
Kreisfreie Stadt Schwabach;14;8;22;2022
Kreisfreie Stadt Schweinfurt;71;15;86;2022
Kreisfreie Stadt Straubing;29;14;43;2022
Kreisfreie Stadt Weiden i.d. OPf.;31;5;36;2022
Kreisfreie Stadt Würzburg;74;20;94;2022
Landkreis Aichach-Friedberg;44;23;67;2022
Landkreis Altötting;104;13;117;2022
Landkreis Amberg-Sulzbach;73;9;82;2022
Landkreis Ansbach;162;38;200;2022
Landkreis Aschaffenburg;100;35;135;2022
Landkreis Augsburg;105;93;198;2022
Landkreis Bad Kissingen;53;18;71;2022
Landkreis Bad Tölz-Wolfratshausen;61;22;83;2022
Landkreis Bamberg;50;8;58;2022
Landkreis Bayreuth;49;12;61;2022
Landkreis Berchtesgadener Land;90;11;101;2022
Landkreis Cham;78;5;83;2022
Landkreis Coburg;26;12;38;2022
Landkreis Dachau;70;10;80;2022
Landkreis Deggendorf;92;21;113;2022
Landkreis Dillingen a.d. Donau;60;5;65;2022
Landkreis Dingolfing-Landau;345;29;374;2022
Landkreis Donau-Ries;106;10;116;2022
Landkreis Ebersberg;77;7;84;2022
Landkreis Eichstätt;108;32;140;2022
Landkreis Erding;85;12;97;2022
Landkreis Erlangen-Höchstadt;113;39;152;2022
Landkreis Forchheim;118;0;118;2022
Landkreis Freising;98;60;158;2022
Landkreis Freyung-Grafenau;111;10;121;2022
Landkreis Fürstenfeldbruck;106;25;131;2022
Landkreis Fürth;72;8;80;2022
Landkreis Garmisch-Partenkirchen;104;6;110;2022
Landkreis Günzburg;84;21;105;2022
Landkreis Haßberge;42;8;50;2022
Landkreis Hof;31;47;78;2022
Landkreis Kelheim;62;7;69;2022
Landkreis Kitzingen;100;43;143;2022
Landkreis Kronach;25;4;29;2022
Landkreis Kulmbach;30;12;42;2022
Landkreis Landsberg am Lech;62;29;91;2022
Landkreis Landshut;140;17;157;2022
Landkreis Lichtenfels;18;6;24;2022
Landkreis Lindau (Bodensee);83;8;91;2022
Landkreis Main-Spessart;101;12;113;2022
Landkreis Miesbach;112;27;139;2022
Landkreis Miltenberg;25;9;34;2022
Landkreis Mühldorf a. Inn;76;19;95;2022
Landkreis München;486;85;571;2022
Landkreis Neuburg-Schrobenhausen;99;6;105;2022
Landkreis Neumarkt i.d. OPf.;107;18;125;2022
Landkreis Neustadt a.d. Aisch-Bad Windsheim;117;5;122;2022
Landkreis Neustadt a.d. Waldnaab;31;39;70;2022
Landkreis Neu-Ulm;110;22;132;2022
Landkreis Nürnberger Land;127;17;144;2022
Landkreis Oberallgäu;143;22;165;2022
Landkreis Ostallgäu;84;8;92;2022
Landkreis Passau;201;20;221;2022
Landkreis Pfaffenhofen a.d. Ilm;62;17;79;2022
Landkreis Regen;81;8;89;2022
Landkreis Regensburg;142;41;183;2022
Landkreis Rhön-Grabfeld;57;32;89;2022
Landkreis Rosenheim;244;49;293;2022
Landkreis Roth;96;25;121;2022
Landkreis Rottal-Inn;60;8;68;2022
Landkreis Schwandorf;90;25;115;2022
Landkreis Schweinfurt;120;16;136;2022
Landkreis Starnberg;73;5;78;2022
Landkreis Straubing-Bogen;71;20;91;2022
Landkreis Tirschenreuth;42;0;42;2022
Landkreis Traunstein;125;25;150;2022
Landkreis Unterallgäu;83;34;117;2022
Landkreis Weilheim-Schongau;66;9;75;2022
Landkreis Weißenburg-Gunzenhausen;50;4;54;2022
Landkreis Wunsiedel i. Fichtelgebirge;72;15;87;2022
Landkreis Würzburg;73;27;100;2022
Kreisfreie Stadt Berlin;1845;239;2084;2022
Kreisfreie Stadt Brandenburg an der Havel;47;9;56;2022
Kreisfreie Stadt Cottbus;20;7;27;2022
Kreisfreie Stadt Frankfurt (Oder);34;0;34;2022
Kreisfreie Stadt Potsdam;95;12;107;2022
Landkreis Barnim;98;8;106;2022
Landkreis Dahme-Spreewald;87;12;99;2022
Landkreis Elbe-Elster;29;5;34;2022
Landkreis Havelland;57;9;66;2022
Landkreis Märkisch-Oderland;37;20;57;2022
Landkreis Oberhavel;90;27;117;2022
Landkreis Oberspreewald-Lausitz;37;19;56;2022
Landkreis Oder-Spree;51;8;59;2022
Landkreis Ostprignitz-Ruppin;65;31;96;2022
Landkreis Potsdam-Mittelmark;138;30;168;2022
Landkreis Prignitz;24;4;28;2022
Landkreis Spree-Neiße;46;3;49;2022
Landkreis Teltow-Fläming;76;36;112;2022
Landkreis Uckermark;94;6;100;2022
Kreisfreie Stadt Bremen;314;42;356;2022
Kreisfreie Stadt Bremerhaven;56;8;64;2022
Kreisfreie Stadt Hamburg;1427;228;1655;2022
Kreisfreie Stadt Darmstadt;138;13;151;2022
Kreisfreie Stadt Frankfurt am Main;316;39;355;2022
Kreisfreie Stadt Kassel;104;19;123;2022
Kreisfreie Stadt Offenbach am Main;26;5;31;2022
Kreisfreie Stadt Wiesbaden;202;51;253;2022
Landkreis Bergstraße;121;47;168;2022
Landkreis Darmstadt-Dieburg;207;28;235;2022
Landkreis Fulda;138;42;180;2022
Landkreis Gießen;103;43;146;2022
Landkreis Groß-Gerau;590;18;608;2022
Landkreis Hersfeld-Rotenburg;45;22;67;2022
Landkreis Hochtaunuskreis;111;5;116;2022
Landkreis Kassel;289;37;326;2022
Landkreis Lahn-Dill-Kreis;70;38;108;2022
Landkreis Limburg-Weilburg;155;41;196;2022
Landkreis Main-Kinzig-Kreis;237;46;283;2022
Landkreis Main-Taunus-Kreis;134;9;143;2022
Landkreis Marburg-Biedenkopf;113;9;122;2022
Landkreis Odenwaldkreis;69;5;74;2022
Landkreis Offenbach;240;15;255;2022
Landkreis Rheingau-Taunus-Kreis;115;8;123;2022
Landkreis Schwalm-Eder-Kreis;88;27;115;2022
Landkreis Vogelsbergkreis;73;29;102;2022
Landkreis Waldeck-Frankenberg;80;16;96;2022
Landkreis Werra-Meißner-Kreis;46;15;61;2022
Landkreis Wetteraukreis;149;22;171;2022
Kreisfreie Stadt Rostock;72;16;88;2022
Kreisfreie Stadt Schwerin;71;2;73;2022
Landkreis Ludwigslust-Parchim;89;40;129;2022
Landkreis Mecklenburgische Seenplatte;69;4;73;2022
Landkreis Nordwestmecklenburg;62;35;97;2022
Landkreis Rostock;91;13;104;2022
Landkreis Vorpommern-Greifswald;66;34;100;2022
Landkreis Vorpommern-Rügen;89;10;99;2022
Kreisfreie Stadt Braunschweig;148;40;188;2022
Kreisfreie Stadt Delmenhorst;40;9;49;2022
Kreisfreie Stadt Emden;109;6;115;2022
Kreisfreie Stadt Oldenburg (Oldb);86;25;111;2022
Kreisfreie Stadt Osnabrück;162;44;206;2022
Kreisfreie Stadt Salzgitter;108;3;111;2022
Kreisfreie Stadt Wilhelmshaven;27;10;37;2022
Kreisfreie Stadt Wolfsburg;610;34;644;2022
Landkreis Ammerland;67;7;74;2022
Landkreis Aurich;88;11;99;2022
Landkreis Celle;32;11;43;2022
Landkreis Cloppenburg;104;16;120;2022
Landkreis Cuxhaven;75;12;87;2022
Landkreis Diepholz;113;29;142;2022
Landkreis Emsland;174;46;220;2022
Landkreis Friesland;93;6;99;2022
Landkreis Gifhorn;85;11;96;2022
Landkreis Goslar;38;27;65;2022
Landkreis Göttingen;232;28;260;2022
Landkreis Grafschaft Bentheim;67;15;82;2022
Landkreis Hameln-Pyrmont;53;17;70;2022
Landkreis Harburg;107;41;148;2022
Landkreis Heidekreis;93;48;141;2022
Landkreis Helmstedt;35;32;67;2022
Landkreis Hildesheim;104;45;149;2022
Landkreis Holzminden;48;0;48;2022
Landkreis Leer;98;10;108;2022
Landkreis Lüchow-Dannenberg;12;2;14;2022
Landkreis Lüneburg;106;10;116;2022
Landkreis Nienburg (Weser);110;14;124;2022
Landkreis Northeim;80;26;106;2022
Landkreis Oldenburg;47;29;76;2022
Landkreis Osnabrück;195;54;249;2022
Landkreis Osterholz;55;10;65;2022
Landkreis Peine;23;15;38;2022
Landkreis Region Hannover;896;126;1022;2022
Landkreis Rotenburg (Wümme);88;57;145;2022
Landkreis Schaumburg;104;34;138;2022
Landkreis Stade;116;19;135;2022
Landkreis Uelzen;25;26;51;2022
Landkreis Vechta;116;46;162;2022
Landkreis Verden;69;35;104;2022
Landkreis Wesermarsch;47;6;53;2022
Landkreis Wittmund;28;2;30;2022
Landkreis Wolfenbüttel;20;14;34;2022
Kreis Borken;372;25;397;2022
Kreis Coesfeld;142;26;168;2022
Kreis Düren;155;22;177;2022
Kreis Ennepe-Ruhr-Kreis;156;10;166;2022
Kreis Euskirchen;114;12;126;2022
Kreis Gütersloh;215;32;247;2022
Kreis Heinsberg;138;12;150;2022
Kreis Herford;102;30;132;2022
Kreis Hochsauerlandkreis;217;22;239;2022
Kreis Höxter;83;3;86;2022
Kreis Kleve;273;25;298;2022
Kreis Lippe;181;11;192;2022
Kreis Märkischer Kreis;253;38;291;2022
Kreis Mettmann;362;63;425;2022
Kreis Minden-Lübbecke;134;11;145;2022
Kreis Oberbergischer Kreis;117;10;127;2022
Kreis Olpe;102;0;102;2022
Kreis Paderborn;208;29;237;2022
Kreis Recklinghausen;208;54;262;2022
Kreis Rhein-Erft-Kreis;184;62;246;2022
Kreis Rheinisch-Bergischer Kreis;85;41;126;2022
Kreis Rhein-Kreis Neuss;199;39;238;2022
Kreis Rhein-Sieg-Kreis;266;60;326;2022
Kreis Siegen-Wittgenstein;99;25;124;2022
Kreis Soest;134;46;180;2022
Kreis Städteregion Aachen;424;63;487;2022
Kreis Steinfurt;235;44;279;2022
Kreis Unna;268;85;353;2022
Kreis Viersen;223;24;247;2022
Kreis Warendorf;131;27;158;2022
Kreis Wesel;260;48;308;2022
Kreisfreie Stadt Bielefeld;193;40;233;2022
Kreisfreie Stadt Bochum;214;37;251;2022
Kreisfreie Stadt Bonn;222;12;234;2022
Kreisfreie Stadt Bottrop;57;15;72;2022
Kreisfreie Stadt Dortmund;360;62;422;2022
Kreisfreie Stadt Duisburg;113;27;140;2022
Kreisfreie Stadt Düsseldorf;429;43;472;2022
Kreisfreie Stadt Essen;463;59;522;2022
Kreisfreie Stadt Gelsenkirchen;103;25;128;2022
Kreisfreie Stadt Hagen;68;21;89;2022
Kreisfreie Stadt Hamm;86;16;102;2022
Kreisfreie Stadt Herne;79;8;87;2022
Kreisfreie Stadt Köln;596;48;644;2022
Kreisfreie Stadt Krefeld;56;9;65;2022
Kreisfreie Stadt Leverkusen;58;11;69;2022
Kreisfreie Stadt Mönchengladbach;91;21;112;2022
Kreisfreie Stadt Mülheim an der Ruhr;31;7;38;2022
Kreisfreie Stadt Münster;81;34;115;2022
Kreisfreie Stadt Oberhausen;114;22;136;2022
Kreisfreie Stadt Remscheid;31;13;44;2022
Kreisfreie Stadt Solingen;97;15;112;2022
Kreisfreie Stadt Wuppertal;103;28;131;2022
Kreisfreie Stadt Frankenthal (Pfalz);20;6;26;2022
Kreisfreie Stadt Kaiserslautern;83;9;92;2022
Kreisfreie Stadt Koblenz;53;30;83;2022
Kreisfreie Stadt Landau in der Pfalz;83;12;95;2022
Kreisfreie Stadt Ludwigshafen am Rhein;24;15;39;2022
Kreisfreie Stadt Mainz;133;12;145;2022
Kreisfreie Stadt Neustadt an der Weinstraße;56;3;59;2022
Kreisfreie Stadt Pirmasens;22;7;29;2022
Kreisfreie Stadt Speyer;59;11;70;2022
Kreisfreie Stadt Trier;75;6;81;2022
Kreisfreie Stadt Worms;21;15;36;2022
Kreisfreie Stadt Zweibrücken;40;18;58;2022
Landkreis Ahrweiler;26;12;38;2022
Landkreis Altenkirchen (Westerwald);41;19;60;2022
Landkreis Alzey-Worms;44;13;57;2022
Landkreis Bad Dürkheim;82;30;112;2022
Landkreis Bad Kreuznach;47;30;77;2022
Landkreis Bernkastel-Wittlich;69;22;91;2022
Landkreis Birkenfeld;29;6;35;2022
Landkreis Cochem-Zell;27;0;27;2022
Landkreis Donnersbergkreis;20;11;31;2022
Landkreis Eifelkreis Bitburg-Prüm;73;1;74;2022
Landkreis Germersheim;33;30;63;2022
Landkreis Kaiserslautern;35;24;59;2022
Landkreis Kusel;19;17;36;2022
Landkreis Mainz-Bingen;51;20;71;2022
Landkreis Mayen-Koblenz;88;33;121;2022
Landkreis Neuwied;57;37;94;2022
Landkreis Rhein-Hunsrück-Kreis;53;21;74;2022
Landkreis Rhein-Lahn-Kreis;53;2;55;2022
Landkreis Rhein-Pfalz-Kreis;62;34;96;2022
Landkreis Südliche Weinstraße;65;28;93;2022
Landkreis Südwestpfalz;15;9;24;2022
Landkreis Trier-Saarburg;62;9;71;2022
Landkreis Vulkaneifel;40;1;41;2022
Landkreis Westerwaldkreis;61;33;94;2022
Landkreis Merzig-Wadern;41;7;48;2022
Landkreis Neunkirchen;31;3;34;2022
Landkreis Regionalverband Saarbrücken;161;20;181;2022
Landkreis Saarlouis;94;18;112;2022
Landkreis Saarpfalz-Kreis;73;17;90;2022
Landkreis St. Wendel;63;0;63;2022
Kreisfreie Stadt Chemnitz;199;46;245;2022
Kreisfreie Stadt Dresden;330;132;462;2022
Kreisfreie Stadt Leipzig;356;67;423;2022
Landkreis Bautzen;118;24;142;2022
Landkreis Erzgebirgskreis;123;14;137;2022
Landkreis Görlitz;85;25;110;2022
Landkreis Leipzig;107;23;130;2022
Landkreis Meißen;99;22;121;2022
Landkreis Mittelsachsen;90;41;131;2022
Landkreis Nordsachsen;51;14;65;2022
Landkreis Sächsische Schweiz-Osterzgebirge;97;44;141;2022
Landkreis Vogtlandkreis;96;16;112;2022
Landkreis Zwickau;244;34;278;2022
Kreisfreie Stadt Dessau-Roßlau;41;5;46;2022
Kreisfreie Stadt Halle (Saale);63;23;86;2022
Kreisfreie Stadt Magdeburg;86;40;126;2022
Landkreis Altmarkkreis Salzwedel;36;20;56;2022
Landkreis Anhalt-Bitterfeld;48;18;66;2022
Landkreis Börde;80;29;109;2022
Landkreis Burgenlandkreis;61;42;103;2022
Landkreis Harz;86;18;104;2022
Landkreis Jerichower Land;15;12;27;2022
Landkreis Mansfeld-Südharz;68;28;96;2022
Landkreis Saalekreis;91;11;102;2022
Landkreis Salzlandkreis;77;43;120;2022
Landkreis Stendal;43;7;50;2022
Landkreis Wittenberg;34;6;40;2022
Kreis Dithmarschen;171;24;195;2022
Kreis Herzogtum Lauenburg;88;30;118;2022
Kreis Nordfriesland;287;45;332;2022
Kreis Ostholstein;203;54;257;2022
Kreis Pinneberg;199;37;236;2022
Kreis Plön;77;1;78;2022
Kreis Rendsburg-Eckernförde;237;36;273;2022
Kreis Schleswig-Flensburg;205;35;240;2022
Kreis Segeberg;160;62;222;2022
Kreis Steinburg;56;6;62;2022
Kreis Stormarn;166;43;209;2022
Kreisfreie Stadt Flensburg;73;12;85;2022
Kreisfreie Stadt Kiel;213;31;244;2022
Kreisfreie Stadt Lübeck;88;17;105;2022
Kreisfreie Stadt Neumünster;23;20;43;2022
Kreisfreie Stadt Eisenach;46;0;46;2022
Kreisfreie Stadt Erfurt;83;46;129;2022
Kreisfreie Stadt Gera;62;14;76;2022
Kreisfreie Stadt Jena;58;18;76;2022
Kreisfreie Stadt Suhl;17;2;19;2022
Kreisfreie Stadt Weimar;29;5;34;2022
Landkreis Altenburger Land;33;29;62;2022
Landkreis Eichsfeld;56;14;70;2022
Landkreis Gotha;51;18;69;2022
Landkreis Greiz;28;8;36;2022
Landkreis Hildburghausen;17;5;22;2022
Landkreis Ilm-Kreis;55;28;83;2022
Landkreis Kyffhäuserkreis;42;12;54;2022
Landkreis Nordhausen;39;11;50;2022
Landkreis Saale-Holzland-Kreis;46;36;82;2022
Landkreis Saale-Orla-Kreis;54;22;76;2022
Landkreis Saalfeld-Rudolstadt;34;9;43;2022
Landkreis Schmalkalden-Meiningen;65;10;75;2022
Landkreis Sömmerda;15;10;25;2022
Landkreis Sonneberg;21;2;23;2022
Landkreis Unstrut-Hainich-Kreis;27;22;49;2022
Landkreis Wartburgkreis;37;10;47;2022
Landkreis Weimarer Land;27;8;35;2022
Landkreis Alb-Donau-Kreis;208;41;249;2023
Landkreis Biberach;135;28;163;2023
Landkreis Böblingen;1060;132;1192;2023
Landkreis Bodenseekreis;334;42;376;2023
Landkreis Breisgau-Hochschwarzwald;383;56;439;2023
Landkreis Calw;256;5;261;2023
Landkreis Emmendingen;117;14;131;2023
Landkreis Enzkreis;175;34;209;2023
Landkreis Esslingen;487;85;572;2023
Landkreis Freudenstadt;119;19;138;2023
Landkreis Göppingen;322;47;369;2023
Landkreis Heidenheim;100;34;134;2023
Landkreis Heilbronn;807;122;929;2023
Landkreis Hohenlohekreis;112;59;171;2023
Landkreis Karlsruhe;497;64;561;2023
Landkreis Konstanz;240;60;300;2023
Landkreis Lörrach;238;42;280;2023
Landkreis Ludwigsburg;567;117;684;2023
Landkreis Main-Tauber-Kreis;157;24;181;2023
Landkreis Neckar-Odenwald-Kreis;106;14;120;2023
Landkreis Ortenaukreis;485;108;593;2023
Landkreis Ostalbkreis;338;46;384;2023
Landkreis Rastatt;320;30;350;2023
Landkreis Ravensburg;391;73;464;2023
Landkreis Rems-Murr-Kreis;396;81;477;2023
Landkreis Reutlingen;321;49;370;2023
Landkreis Rhein-Neckar-Kreis;359;114;473;2023
Landkreis Rottweil;118;49;167;2023
Landkreis Schwäbisch Hall;281;26;307;2023
Landkreis Schwarzwald-Baar-Kreis;212;53;265;2023
Landkreis Sigmaringen;130;28;158;2023
Landkreis Tübingen;234;26;260;2023
Landkreis Tuttlingen;153;34;187;2023
Landkreis Waldshut;247;34;281;2023
Landkreis Zollernalbkreis;124;28;152;2023
Stadtkreis Baden-Baden;69;10;79;2023
Stadtkreis Freiburg im Breisgau;298;32;330;2023
Stadtkreis Heidelberg;237;12;249;2023
Stadtkreis Heilbronn;404;43;447;2023
Stadtkreis Karlsruhe;222;57;279;2023
Stadtkreis Mannheim;286;64;350;2023
Stadtkreis Pforzheim;81;27;108;2023
Stadtkreis Stuttgart;1620;91;1711;2023
Stadtkreis Ulm;213;89;302;2023
Kreisfreie Stadt Amberg;23;4;27;2023
Kreisfreie Stadt Ansbach;45;6;51;2023
Kreisfreie Stadt Aschaffenburg;31;12;43;2023
Kreisfreie Stadt Augsburg;234;51;285;2023
Kreisfreie Stadt Bamberg;114;11;125;2023
Kreisfreie Stadt Bayreuth;54;22;76;2023
Kreisfreie Stadt Coburg;34;18;52;2023
Kreisfreie Stadt Erlangen;61;29;90;2023
Kreisfreie Stadt Fürth;204;19;223;2023
Kreisfreie Stadt Hof;30;7;37;2023
Kreisfreie Stadt Ingolstadt;618;57;675;2023
Kreisfreie Stadt Kaufbeuren;61;17;78;2023
Kreisfreie Stadt Kempten (Allgäu);80;11;91;2023
Kreisfreie Stadt Landshut;100;16;116;2023
Kreisfreie Stadt Memmingen;45;23;68;2023
Kreisfreie Stadt München;2373;105;2478;2023
Kreisfreie Stadt Nürnberg;621;44;665;2023
Kreisfreie Stadt Passau;95;38;133;2023
Kreisfreie Stadt Regensburg;526;41;567;2023
Kreisfreie Stadt Rosenheim;29;14;43;2023
Kreisfreie Stadt Schwabach;16;10;26;2023
Kreisfreie Stadt Schweinfurt;86;33;119;2023
Kreisfreie Stadt Straubing;49;21;70;2023
Kreisfreie Stadt Weiden i.d. OPf.;40;17;57;2023
Kreisfreie Stadt Würzburg;106;24;130;2023
Landkreis Aichach-Friedberg;63;45;108;2023
Landkreis Altötting;110;25;135;2023
Landkreis Amberg-Sulzbach;90;12;102;2023
Landkreis Ansbach;194;73;267;2023
Landkreis Aschaffenburg;131;39;170;2023
Landkreis Augsburg;153;95;248;2023
Landkreis Bad Kissingen;64;34;98;2023
Landkreis Bad Tölz-Wolfratshausen;109;33;142;2023
Landkreis Bamberg;111;18;129;2023
Landkreis Bayreuth;62;26;88;2023
Landkreis Berchtesgadener Land;125;10;135;2023
Landkreis Cham;106;8;114;2023
Landkreis Coburg;50;32;82;2023
Landkreis Dachau;113;32;145;2023
Landkreis Deggendorf;119;31;150;2023
Landkreis Dillingen a.d. Donau;78;6;84;2023
Landkreis Dingolfing-Landau;384;41;425;2023
Landkreis Donau-Ries;153;26;179;2023
Landkreis Ebersberg;128;9;137;2023
Landkreis Eichstätt;145;45;190;2023
Landkreis Erding;194;24;218;2023
Landkreis Erlangen-Höchstadt;132;39;171;2023
Landkreis Forchheim;142;8;150;2023
Landkreis Freising;201;66;267;2023
Landkreis Freyung-Grafenau;129;8;137;2023
Landkreis Fürstenfeldbruck;159;25;184;2023
Landkreis Fürth;107;10;117;2023
Landkreis Garmisch-Partenkirchen;138;13;151;2023
Landkreis Günzburg;108;25;133;2023
Landkreis Haßberge;69;10;79;2023
Landkreis Hof;50;54;104;2023
Landkreis Kelheim;89;13;102;2023
Landkreis Kitzingen;133;47;180;2023
Landkreis Kronach;59;4;63;2023
Landkreis Kulmbach;46;28;74;2023
Landkreis Landsberg am Lech;92;32;124;2023
Landkreis Landshut;181;40;221;2023
Landkreis Lichtenfels;29;8;37;2023
Landkreis Lindau (Bodensee);97;10;107;2023
Landkreis Main-Spessart;136;18;154;2023
Landkreis Miesbach;154;48;202;2023
Landkreis Miltenberg;48;13;61;2023
Landkreis Mühldorf a. Inn;88;34;122;2023
Landkreis München;757;112;869;2023
Landkreis Neuburg-Schrobenhausen;138;20;158;2023
Landkreis Neumarkt i.d. OPf.;147;24;171;2023
Landkreis Neustadt a.d. Aisch-Bad Windsheim;133;11;144;2023
Landkreis Neustadt a.d. Waldnaab;40;39;79;2023
Landkreis Neu-Ulm;161;35;196;2023
Landkreis Nürnberger Land;151;22;173;2023
Landkreis Oberallgäu;257;45;302;2023
Landkreis Ostallgäu;142;12;154;2023
Landkreis Passau;296;33;329;2023
Landkreis Pfaffenhofen a.d. Ilm;91;55;146;2023
Landkreis Regen;105;12;117;2023
Landkreis Regensburg;184;59;243;2023
Landkreis Rhön-Grabfeld;66;42;108;2023
Landkreis Rosenheim;285;58;343;2023
Landkreis Roth;127;41;168;2023
Landkreis Rottal-Inn;81;12;93;2023
Landkreis Schwandorf;160;45;205;2023
Landkreis Schweinfurt;147;20;167;2023
Landkreis Starnberg;127;9;136;2023
Landkreis Straubing-Bogen;109;22;131;2023
Landkreis Tirschenreuth;62;8;70;2023
Landkreis Traunstein;164;31;195;2023
Landkreis Unterallgäu;154;42;196;2023
Landkreis Weilheim-Schongau;108;36;144;2023
Landkreis Weißenburg-Gunzenhausen;82;5;87;2023
Landkreis Wunsiedel i. Fichtelgebirge;77;27;104;2023
Landkreis Würzburg;95;40;135;2023
Kreisfreie Stadt Berlin;2157;352;2509;2023
Kreisfreie Stadt Brandenburg an der Havel;51;9;60;2023
Kreisfreie Stadt Cottbus;34;24;58;2023
Kreisfreie Stadt Frankfurt (Oder);36;0;36;2023
Kreisfreie Stadt Potsdam;103;14;117;2023
Landkreis Barnim;128;29;157;2023
Landkreis Dahme-Spreewald;100;42;142;2023
Landkreis Elbe-Elster;37;15;52;2023
Landkreis Havelland;76;13;89;2023
Landkreis Märkisch-Oderland;49;28;77;2023
Landkreis Oberhavel;102;46;148;2023
Landkreis Oberspreewald-Lausitz;56;20;76;2023
Landkreis Oder-Spree;96;17;113;2023
Landkreis Ostprignitz-Ruppin;68;35;103;2023
Landkreis Potsdam-Mittelmark;161;44;205;2023
Landkreis Prignitz;28;4;32;2023
Landkreis Spree-Neiße;63;9;72;2023
Landkreis Teltow-Fläming;90;48;138;2023
Landkreis Uckermark;108;8;116;2023
Kreisfreie Stadt Bremen;475;62;537;2023
Kreisfreie Stadt Bremerhaven;64;10;74;2023
Kreisfreie Stadt Hamburg;1853;324;2177;2023
Kreisfreie Stadt Darmstadt;171;15;186;2023
Kreisfreie Stadt Frankfurt am Main;463;72;535;2023
Kreisfreie Stadt Kassel;297;66;363;2023
Kreisfreie Stadt Offenbach am Main;31;8;39;2023
Kreisfreie Stadt Wiesbaden;218;68;286;2023
Landkreis Bergstraße;202;61;263;2023
Landkreis Darmstadt-Dieburg;320;46;366;2023
Landkreis Fulda;263;49;312;2023
Landkreis Gießen;155;56;211;2023
Landkreis Groß-Gerau;976;32;1008;2023
Landkreis Hersfeld-Rotenburg;45;43;88;2023
Landkreis Hochtaunuskreis;170;7;177;2023
Landkreis Kassel;353;65;418;2023
Landkreis Lahn-Dill-Kreis;109;60;169;2023
Landkreis Limburg-Weilburg;185;61;246;2023
Landkreis Main-Kinzig-Kreis;346;50;396;2023
Landkreis Main-Taunus-Kreis;199;17;216;2023
Landkreis Marburg-Biedenkopf;152;27;179;2023
Landkreis Odenwaldkreis;91;7;98;2023
Landkreis Offenbach;335;60;395;2023
Landkreis Rheingau-Taunus-Kreis;130;12;142;2023
Landkreis Schwalm-Eder-Kreis;110;35;145;2023
Landkreis Vogelsbergkreis;86;25;111;2023
Landkreis Waldeck-Frankenberg;115;21;136;2023
Landkreis Werra-Meißner-Kreis;42;31;73;2023
Landkreis Wetteraukreis;246;24;270;2023
Kreisfreie Stadt Rostock;85;43;128;2023
Kreisfreie Stadt Schwerin;72;2;74;2023
Landkreis Ludwigslust-Parchim;109;46;155;2023
Landkreis Mecklenburgische Seenplatte;107;8;115;2023
Landkreis Nordwestmecklenburg;73;46;119;2023
Landkreis Rostock;125;27;152;2023
Landkreis Vorpommern-Greifswald;110;42;152;2023
Landkreis Vorpommern-Rügen;137;20;157;2023
Kreisfreie Stadt Braunschweig;217;44;261;2023
Kreisfreie Stadt Delmenhorst;45;14;59;2023
Kreisfreie Stadt Emden;155;6;161;2023
Kreisfreie Stadt Oldenburg (Oldb);117;31;148;2023
Kreisfreie Stadt Osnabrück;242;64;306;2023
Kreisfreie Stadt Salzgitter;129;8;137;2023
Kreisfreie Stadt Wilhelmshaven;30;18;48;2023
Kreisfreie Stadt Wolfsburg;729;54;783;2023
Landkreis Ammerland;89;14;103;2023
Landkreis Aurich;104;33;137;2023
Landkreis Celle;95;18;113;2023
Landkreis Cloppenburg;155;22;177;2023
Landkreis Cuxhaven;102;15;117;2023
Landkreis Diepholz;131;36;167;2023
Landkreis Emsland;243;83;326;2023
Landkreis Friesland;97;12;109;2023
Landkreis Gifhorn;116;17;133;2023
Landkreis Goslar;95;31;126;2023
Landkreis Göttingen;260;30;290;2023
Landkreis Grafschaft Bentheim;127;23;150;2023
Landkreis Hameln-Pyrmont;56;27;83;2023
Landkreis Harburg;162;50;212;2023
Landkreis Heidekreis;124;101;225;2023
Landkreis Helmstedt;59;37;96;2023
Landkreis Hildesheim;149;69;218;2023
Landkreis Holzminden;56;2;58;2023
Landkreis Leer;116;32;148;2023
Landkreis Lüchow-Dannenberg;35;9;44;2023
Landkreis Lüneburg;117;24;141;2023
Landkreis Nienburg (Weser);150;18;168;2023
Landkreis Northeim;94;28;122;2023
Landkreis Oldenburg;58;36;94;2023
Landkreis Osnabrück;251;67;318;2023
Landkreis Osterholz;86;12;98;2023
Landkreis Peine;67;19;86;2023
Landkreis Region Hannover;1405;196;1601;2023
Landkreis Rotenburg (Wümme);126;58;184;2023
Landkreis Schaumburg;128;59;187;2023
Landkreis Stade;155;26;181;2023
Landkreis Uelzen;45;30;75;2023
Landkreis Vechta;154;51;205;2023
Landkreis Verden;123;52;175;2023
Landkreis Wesermarsch;55;6;61;2023
Landkreis Wittmund;46;2;48;2023
Landkreis Wolfenbüttel;35;16;51;2023
Kreis Borken;491;46;537;2023
Kreis Coesfeld;201;35;236;2023
Kreis Düren;246;46;292;2023
Kreis Ennepe-Ruhr-Kreis;196;17;213;2023
Kreis Euskirchen;147;18;165;2023
Kreis Gütersloh;297;43;340;2023
Kreis Heinsberg;159;22;181;2023
Kreis Herford;145;47;192;2023
Kreis Hochsauerlandkreis;257;31;288;2023
Kreis Höxter;126;9;135;2023
Kreis Kleve;318;45;363;2023
Kreis Lippe;224;18;242;2023
Kreis Märkischer Kreis;317;62;379;2023
Kreis Mettmann;483;114;597;2023
Kreis Minden-Lübbecke;229;36;265;2023
Kreis Oberbergischer Kreis;176;18;194;2023
Kreis Olpe;115;0;115;2023
Kreis Paderborn;450;49;499;2023
Kreis Recklinghausen;288;75;363;2023
Kreis Rhein-Erft-Kreis;213;110;323;2023
Kreis Rheinisch-Bergischer Kreis;155;47;202;2023
Kreis Rhein-Kreis Neuss;252;54;306;2023
Kreis Rhein-Sieg-Kreis;351;103;454;2023
Kreis Siegen-Wittgenstein;146;37;183;2023
Kreis Soest;188;64;252;2023
Kreis Städteregion Aachen;697;89;786;2023
Kreis Steinfurt;317;59;376;2023
Kreis Unna;370;118;488;2023
Kreis Viersen;281;42;323;2023
Kreis Warendorf;184;40;224;2023
Kreis Wesel;319;71;390;2023
Kreisfreie Stadt Bielefeld;250;46;296;2023
Kreisfreie Stadt Bochum;275;76;351;2023
Kreisfreie Stadt Bonn;338;30;368;2023
Kreisfreie Stadt Bottrop;73;15;88;2023
Kreisfreie Stadt Dortmund;646;99;745;2023
Kreisfreie Stadt Duisburg;193;38;231;2023
Kreisfreie Stadt Düsseldorf;868;79;947;2023
Kreisfreie Stadt Essen;542;83;625;2023
Kreisfreie Stadt Gelsenkirchen;106;31;137;2023
Kreisfreie Stadt Hagen;92;24;116;2023
Kreisfreie Stadt Hamm;114;25;139;2023
Kreisfreie Stadt Herne;82;8;90;2023
Kreisfreie Stadt Köln;1013;114;1127;2023
Kreisfreie Stadt Krefeld;73;29;102;2023
Kreisfreie Stadt Leverkusen;59;12;71;2023
Kreisfreie Stadt Mönchengladbach;157;37;194;2023
Kreisfreie Stadt Mülheim an der Ruhr;36;21;57;2023
Kreisfreie Stadt Münster;192;40;232;2023
Kreisfreie Stadt Oberhausen;119;50;169;2023
Kreisfreie Stadt Remscheid;63;21;84;2023
Kreisfreie Stadt Solingen;102;21;123;2023
Kreisfreie Stadt Wuppertal;113;30;143;2023
Kreisfreie Stadt Frankenthal (Pfalz);44;12;56;2023
Kreisfreie Stadt Kaiserslautern;106;16;122;2023
Kreisfreie Stadt Koblenz;54;33;87;2023
Kreisfreie Stadt Landau in der Pfalz;102;15;117;2023
Kreisfreie Stadt Ludwigshafen am Rhein;66;27;93;2023
Kreisfreie Stadt Mainz;150;27;177;2023
Kreisfreie Stadt Neustadt an der Weinstraße;66;11;77;2023
Kreisfreie Stadt Pirmasens;22;7;29;2023
Kreisfreie Stadt Speyer;68;17;85;2023
Kreisfreie Stadt Trier;89;10;99;2023
Kreisfreie Stadt Worms;29;21;50;2023
Kreisfreie Stadt Zweibrücken;63;40;103;2023
Landkreis Ahrweiler;67;12;79;2023
Landkreis Altenkirchen (Westerwald);51;24;75;2023
Landkreis Alzey-Worms;58;24;82;2023
Landkreis Bad Dürkheim;84;36;120;2023
Landkreis Bad Kreuznach;60;40;100;2023
Landkreis Bernkastel-Wittlich;105;22;127;2023
Landkreis Birkenfeld;33;6;39;2023
Landkreis Cochem-Zell;60;2;62;2023
Landkreis Donnersbergkreis;28;15;43;2023
Landkreis Eifelkreis Bitburg-Prüm;83;7;90;2023
Landkreis Germersheim;39;39;78;2023
Landkreis Kaiserslautern;39;25;64;2023
Landkreis Kusel;22;17;39;2023
Landkreis Mainz-Bingen;75;40;115;2023
Landkreis Mayen-Koblenz;128;37;165;2023
Landkreis Neuwied;74;46;120;2023
Landkreis Rhein-Hunsrück-Kreis;59;37;96;2023
Landkreis Rhein-Lahn-Kreis;68;8;76;2023
Landkreis Rhein-Pfalz-Kreis;116;43;159;2023
Landkreis Südliche Weinstraße;72;30;102;2023
Landkreis Südwestpfalz;20;9;29;2023
Landkreis Trier-Saarburg;115;11;126;2023
Landkreis Vulkaneifel;66;3;69;2023
Landkreis Westerwaldkreis;114;44;158;2023
Landkreis Merzig-Wadern;71;15;86;2023
Landkreis Neunkirchen;72;3;75;2023
Landkreis Regionalverband Saarbrücken;189;32;221;2023
Landkreis Saarlouis;115;28;143;2023
Landkreis Saarpfalz-Kreis;113;22;135;2023
Landkreis St. Wendel;75;10;85;2023
Kreisfreie Stadt Chemnitz;249;64;313;2023
Kreisfreie Stadt Dresden;497;164;661;2023
Kreisfreie Stadt Leipzig;511;97;608;2023
Landkreis Bautzen;216;31;247;2023
Landkreis Erzgebirgskreis;198;30;228;2023
Landkreis Görlitz;113;36;149;2023
Landkreis Leipzig;152;45;197;2023
Landkreis Meißen;113;28;141;2023
Landkreis Mittelsachsen;118;51;169;2023
Landkreis Nordsachsen;69;34;103;2023
Landkreis Sächsische Schweiz-Osterzgebirge;131;46;177;2023
Landkreis Vogtlandkreis;121;38;159;2023
Landkreis Zwickau;300;74;374;2023
Kreisfreie Stadt Dessau-Roßlau;48;5;53;2023
Kreisfreie Stadt Halle (Saale);74;33;107;2023
Kreisfreie Stadt Magdeburg;103;48;151;2023
Landkreis Altmarkkreis Salzwedel;40;23;63;2023
Landkreis Anhalt-Bitterfeld;57;20;77;2023
Landkreis Börde;83;31;114;2023
Landkreis Burgenlandkreis;79;56;135;2023
Landkreis Harz;117;26;143;2023
Landkreis Jerichower Land;25;18;43;2023
Landkreis Mansfeld-Südharz;72;36;108;2023
Landkreis Saalekreis;114;23;137;2023
Landkreis Salzlandkreis;88;79;167;2023
Landkreis Stendal;78;13;91;2023
Landkreis Wittenberg;36;6;42;2023
Kreis Dithmarschen;225;26;251;2023
Kreis Herzogtum Lauenburg;108;36;144;2023
Kreis Nordfriesland;355;56;411;2023
Kreis Ostholstein;261;74;335;2023
Kreis Pinneberg;263;59;322;2023
Kreis Plön;99;9;108;2023
Kreis Rendsburg-Eckernförde;323;50;373;2023
Kreis Schleswig-Flensburg;225;79;304;2023
Kreis Segeberg;205;83;288;2023
Kreis Steinburg;78;10;88;2023
Kreis Stormarn;207;50;257;2023
Kreisfreie Stadt Flensburg;96;20;116;2023
Kreisfreie Stadt Kiel;238;39;277;2023
Kreisfreie Stadt Lübeck;117;23;140;2023
Kreisfreie Stadt Neumünster;94;27;121;2023
Kreisfreie Stadt Eisenach;46;0;46;2023
Kreisfreie Stadt Erfurt;133;49;182;2023
Kreisfreie Stadt Gera;79;28;107;2023
Kreisfreie Stadt Jena;70;20;90;2023
Kreisfreie Stadt Suhl;35;2;37;2023
Kreisfreie Stadt Weimar;42;9;51;2023
Landkreis Altenburger Land;35;29;64;2023
Landkreis Eichsfeld;68;15;83;2023
Landkreis Gotha;54;20;74;2023
Landkreis Greiz;33;20;53;2023
Landkreis Hildburghausen;35;9;44;2023
Landkreis Ilm-Kreis;128;50;178;2023
Landkreis Kyffhäuserkreis;43;16;59;2023
Landkreis Nordhausen;47;19;66;2023
Landkreis Saale-Holzland-Kreis;55;50;105;2023
Landkreis Saale-Orla-Kreis;66;22;88;2023
Landkreis Saalfeld-Rudolstadt;62;22;84;2023
Landkreis Schmalkalden-Meiningen;75;15;90;2023
Landkreis Sömmerda;24;12;36;2023
Landkreis Sonneberg;46;17;63;2023
Landkreis Unstrut-Hainich-Kreis;39;38;77;2023
Landkreis Wartburgkreis;51;10;61;2023
Landkreis Weimarer Land;38;20;58;2023
Landkreis Alb-Donau-Kreis;542;125;667;2024
Landkreis Biberach;173;38;211;2024
Landkreis Böblingen;1347;161;1508;2024
Landkreis Bodenseekreis;411;54;465;2024
Landkreis Breisgau-Hochschwarzwald;478;78;556;2024
Landkreis Calw;299;17;316;2024
Landkreis Emmendingen;166;36;202;2024
Landkreis Enzkreis;244;39;283;2024
Landkreis Esslingen;759;144;903;2024
Landkreis Freudenstadt;168;33;201;2024
Landkreis Göppingen;460;59;519;2024
Landkreis Heidenheim;115;46;161;2024
Landkreis Heilbronn;754;159;913;2024
Landkreis Hohenlohekreis;292;75;367;2024
Landkreis Karlsruhe;637;95;732;2024
Landkreis Konstanz;303;90;393;2024
Landkreis Lörrach;326;66;392;2024
Landkreis Ludwigsburg;687;161;848;2024
Landkreis Main-Tauber-Kreis;206;48;254;2024
Landkreis Neckar-Odenwald-Kreis;178;34;212;2024
Landkreis Ortenaukreis;690;201;891;2024
Landkreis Ostalbkreis;420;70;490;2024
Landkreis Rastatt;414;44;458;2024
Landkreis Ravensburg;498;123;621;2024
Landkreis Rems-Murr-Kreis;510;130;640;2024
Landkreis Reutlingen;407;62;469;2024
Landkreis Rhein-Neckar-Kreis;473;180;653;2024
Landkreis Rottweil;134;62;196;2024
Landkreis Schwäbisch Hall;364;48;412;2024
Landkreis Schwarzwald-Baar-Kreis;272;62;334;2024
Landkreis Sigmaringen;143;30;173;2024
Landkreis Tübingen;435;66;501;2024
Landkreis Tuttlingen;194;37;231;2024
Landkreis Waldshut;296;48;344;2024
Landkreis Zollernalbkreis;211;50;261;2024
Stadtkreis Baden-Baden;77;26;103;2024
Stadtkreis Freiburg im Breisgau;390;63;453;2024
Stadtkreis Heidelberg;354;34;388;2024
Stadtkreis Heilbronn;472;52;524;2024
Stadtkreis Karlsruhe;300;76;376;2024
Stadtkreis Mannheim;296;117;413;2024
Stadtkreis Pforzheim;200;30;230;2024
Stadtkreis Stuttgart;2639;135;2774;2024
Stadtkreis Ulm;298;111;409;2024
Kreisfreie Stadt Amberg;35;4;39;2024
Kreisfreie Stadt Ansbach;63;10;73;2024
Kreisfreie Stadt Aschaffenburg;40;16;56;2024
Kreisfreie Stadt Augsburg;299;87;386;2024
Kreisfreie Stadt Bamberg;113;18;131;2024
Kreisfreie Stadt Bayreuth;70;28;98;2024
Kreisfreie Stadt Coburg;46;30;76;2024
Kreisfreie Stadt Erlangen;120;36;156;2024
Kreisfreie Stadt Fürth;291;29;320;2024
Kreisfreie Stadt Hof;32;7;39;2024
Kreisfreie Stadt Ingolstadt;1494;85;1579;2024
Kreisfreie Stadt Kaufbeuren;103;21;124;2024
Kreisfreie Stadt Kempten (Allgäu);123;28;151;2024
Kreisfreie Stadt Landshut;139;26;165;2024
Kreisfreie Stadt Memmingen;67;28;95;2024
Kreisfreie Stadt München;2575;221;2796;2024
Kreisfreie Stadt Nürnberg;800;87;887;2024
Kreisfreie Stadt Passau;131;57;188;2024
Kreisfreie Stadt Regensburg;676;78;754;2024
Kreisfreie Stadt Rosenheim;44;26;70;2024
Kreisfreie Stadt Schwabach;18;12;30;2024
Kreisfreie Stadt Schweinfurt;101;37;138;2024
Kreisfreie Stadt Straubing;66;40;106;2024
Kreisfreie Stadt Weiden i.d. OPf.;54;20;74;2024
Kreisfreie Stadt Würzburg;221;67;288;2024
Landkreis Aichach-Friedberg;97;67;164;2024
Landkreis Altötting;201;31;232;2024
Landkreis Amberg-Sulzbach;114;26;140;2024
Landkreis Ansbach;264;132;396;2024
Landkreis Aschaffenburg;153;78;231;2024
Landkreis Augsburg;213;128;341;2024
Landkreis Bad Kissingen;91;56;147;2024
Landkreis Bad Tölz-Wolfratshausen;178;37;215;2024
Landkreis Bamberg;160;26;186;2024
Landkreis Bayreuth;78;34;112;2024
Landkreis Berchtesgadener Land;174;51;225;2024
Landkreis Cham;156;44;200;2024
Landkreis Coburg;62;38;100;2024
Landkreis Dachau;159;37;196;2024
Landkreis Deggendorf;207;92;299;2024
Landkreis Dillingen a.d. Donau;93;12;105;2024
Landkreis Dingolfing-Landau;418;73;491;2024
Landkreis Donau-Ries;193;46;239;2024
Landkreis Ebersberg;179;41;220;2024
Landkreis Eichstätt;193;72;265;2024
Landkreis Erding;222;35;257;2024
Landkreis Erlangen-Höchstadt;163;50;213;2024
Landkreis Forchheim;162;20;182;2024
Landkreis Freising;303;88;391;2024
Landkreis Freyung-Grafenau;221;25;246;2024
Landkreis Fürstenfeldbruck;227;56;283;2024
Landkreis Fürth;133;18;151;2024
Landkreis Garmisch-Partenkirchen;227;37;264;2024
Landkreis Günzburg;167;38;205;2024
Landkreis Haßberge;74;42;116;2024
Landkreis Hof;75;75;150;2024
Landkreis Kelheim;165;29;194;2024
Landkreis Kitzingen;193;123;316;2024
Landkreis Kronach;72;8;80;2024
Landkreis Kulmbach;51;44;95;2024
Landkreis Landsberg am Lech;128;47;175;2024
Landkreis Landshut;242;46;288;2024
Landkreis Lichtenfels;40;8;48;2024
Landkreis Lindau (Bodensee);127;23;150;2024
Landkreis Main-Spessart;190;33;223;2024
Landkreis Miesbach;209;80;289;2024
Landkreis Miltenberg;70;24;94;2024
Landkreis Mühldorf a. Inn;108;58;166;2024
Landkreis München;945;158;1103;2024
Landkreis Neuburg-Schrobenhausen;157;35;192;2024
Landkreis Neumarkt i.d. OPf.;182;53;235;2024
Landkreis Neustadt a.d. Aisch-Bad Windsheim;151;17;168;2024
Landkreis Neustadt a.d. Waldnaab;54;43;97;2024
Landkreis Neu-Ulm;235;77;312;2024
Landkreis Nürnberger Land;195;75;270;2024
Landkreis Oberallgäu;359;86;445;2024
Landkreis Ostallgäu;348;62;410;2024
Landkreis Passau;362;51;413;2024
Landkreis Pfaffenhofen a.d. Ilm;153;91;244;2024
Landkreis Regen;132;22;154;2024
Landkreis Regensburg;267;96;363;2024
Landkreis Rhön-Grabfeld;88;49;137;2024
Landkreis Rosenheim;431;102;533;2024
Landkreis Roth;166;100;266;2024
Landkreis Rottal-Inn;106;20;126;2024
Landkreis Schwandorf;196;59;255;2024
Landkreis Schweinfurt;188;13;201;2024
Landkreis Starnberg;177;17;194;2024
Landkreis Straubing-Bogen;136;48;184;2024
Landkreis Tirschenreuth;70;10;80;2024
Landkreis Traunstein;241;79;320;2024
Landkreis Unterallgäu;235;81;316;2024
Landkreis Weilheim-Schongau;196;49;245;2024
Landkreis Weißenburg-Gunzenhausen;114;17;131;2024
Landkreis Wunsiedel i. Fichtelgebirge;89;31;120;2024
Landkreis Würzburg;134;63;197;2024
Kreisfreie Stadt Berlin;3751;561;4312;2024
Kreisfreie Stadt Brandenburg an der Havel;63;11;74;2024
Kreisfreie Stadt Cottbus;47;31;78;2024
Kreisfreie Stadt Frankfurt (Oder);37;4;41;2024
Kreisfreie Stadt Potsdam;139;31;170;2024
Landkreis Barnim;144;64;208;2024
Landkreis Dahme-Spreewald;115;91;206;2024
Landkreis Elbe-Elster;56;21;77;2024
Landkreis Havelland;96;27;123;2024
Landkreis Märkisch-Oderland;92;45;137;2024
Landkreis Oberhavel;181;74;255;2024
Landkreis Oberspreewald-Lausitz;74;28;102;2024
Landkreis Oder-Spree;649;39;688;2024
Landkreis Ostprignitz-Ruppin;90;65;155;2024
Landkreis Potsdam-Mittelmark;215;78;293;2024
Landkreis Prignitz;43;9;52;2024
Landkreis Spree-Neiße;85;10;95;2024
Landkreis Teltow-Fläming;146;75;221;2024
Landkreis Uckermark;135;25;160;2024
Kreisfreie Stadt Bremen;627;86;713;2024
Kreisfreie Stadt Bremerhaven;75;22;97;2024
Kreisfreie Stadt Hamburg;2223;473;2696;2024
Kreisfreie Stadt Darmstadt;189;26;215;2024
Kreisfreie Stadt Frankfurt am Main;1027;144;1171;2024
Kreisfreie Stadt Kassel;364;88;452;2024
Kreisfreie Stadt Offenbach am Main;54;5;59;2024
Kreisfreie Stadt Wiesbaden;278;84;362;2024
Landkreis Bergstraße;245;105;350;2024
Landkreis Darmstadt-Dieburg;335;74;409;2024
Landkreis Fulda;392;68;460;2024
Landkreis Gießen;241;96;337;2024
Landkreis Groß-Gerau;1026;65;1091;2024
Landkreis Hersfeld-Rotenburg;59;89;148;2024
Landkreis Hochtaunuskreis;252;29;281;2024
Landkreis Kassel;417;102;519;2024
Landkreis Lahn-Dill-Kreis;200;116;316;2024
Landkreis Limburg-Weilburg;203;88;291;2024
Landkreis Main-Kinzig-Kreis;517;114;631;2024
Landkreis Main-Taunus-Kreis;287;68;355;2024
Landkreis Marburg-Biedenkopf;193;37;230;2024
Landkreis Odenwaldkreis;105;11;116;2024
Landkreis Offenbach;375;79;454;2024
Landkreis Rheingau-Taunus-Kreis;174;26;200;2024
Landkreis Schwalm-Eder-Kreis;131;77;208;2024
Landkreis Vogelsbergkreis;100;57;157;2024
Landkreis Waldeck-Frankenberg;145;26;171;2024
Landkreis Werra-Meißner-Kreis;52;41;93;2024
Landkreis Wetteraukreis;284;34;318;2024
Kreisfreie Stadt Rostock;123;60;183;2024
Kreisfreie Stadt Schwerin;88;14;102;2024
Landkreis Ludwigslust-Parchim;132;80;212;2024
Landkreis Mecklenburgische Seenplatte;191;28;219;2024
Landkreis Nordwestmecklenburg;98;63;161;2024
Landkreis Rostock;170;70;240;2024
Landkreis Vorpommern-Greifswald;142;60;202;2024
Landkreis Vorpommern-Rügen;269;35;304;2024
Kreisfreie Stadt Braunschweig;353;67;420;2024
Kreisfreie Stadt Delmenhorst;50;16;66;2024
Kreisfreie Stadt Emden;183;8;191;2024
Kreisfreie Stadt Oldenburg (Oldb);131;36;167;2024
Kreisfreie Stadt Osnabrück;342;92;434;2024
Kreisfreie Stadt Salzgitter;239;16;255;2024
Kreisfreie Stadt Wilhelmshaven;46;20;66;2024
Kreisfreie Stadt Wolfsburg;933;79;1012;2024
Landkreis Ammerland;100;17;117;2024
Landkreis Aurich;179;52;231;2024
Landkreis Celle;142;24;166;2024
Landkreis Cloppenburg;200;42;242;2024
Landkreis Cuxhaven;125;23;148;2024
Landkreis Diepholz;183;66;249;2024
Landkreis Emsland;418;171;589;2024
Landkreis Friesland;121;22;143;2024
Landkreis Gifhorn;154;31;185;2024
Landkreis Goslar;150;61;211;2024
Landkreis Göttingen;329;75;404;2024
Landkreis Grafschaft Bentheim;159;69;228;2024
Landkreis Hameln-Pyrmont;73;30;103;2024
Landkreis Harburg;181;105;286;2024
Landkreis Heidekreis;197;125;322;2024
Landkreis Helmstedt;62;61;123;2024
Landkreis Hildesheim;204;102;306;2024
Landkreis Holzminden;64;6;70;2024
Landkreis Leer;123;51;174;2024
Landkreis Lüchow-Dannenberg;48;13;61;2024
Landkreis Lüneburg;199;31;230;2024
Landkreis Nienburg (Weser);173;23;196;2024
Landkreis Northeim;123;100;223;2024
Landkreis Oldenburg;87;46;133;2024
Landkreis Osnabrück;340;109;449;2024
Landkreis Osterholz;121;43;164;2024
Landkreis Peine;100;55;155;2024
Landkreis Region Hannover;1735;389;2124;2024
Landkreis Rotenburg (Wümme);154;91;245;2024
Landkreis Schaumburg;159;99;258;2024
Landkreis Stade;234;44;278;2024
Landkreis Uelzen;69;28;97;2024
Landkreis Vechta;176;85;261;2024
Landkreis Verden;160;84;244;2024
Landkreis Wesermarsch;85;8;93;2024
Landkreis Wittmund;44;13;57;2024
Landkreis Wolfenbüttel;41;36;77;2024
Kreis Borken;676;77;753;2024
Kreis Coesfeld;286;68;354;2024
Kreis Düren;299;65;364;2024
Kreis Ennepe-Ruhr-Kreis;265;32;297;2024
Kreis Euskirchen;173;34;207;2024
Kreis Gütersloh;417;72;489;2024
Kreis Heinsberg;235;42;277;2024
Kreis Herford;173;85;258;2024
Kreis Hochsauerlandkreis;347;45;392;2024
Kreis Höxter;186;39;225;2024
Kreis Kleve;392;67;459;2024
Kreis Lippe;287;44;331;2024
Kreis Märkischer Kreis;365;80;445;2024
Kreis Mettmann;575;162;737;2024
Kreis Minden-Lübbecke;278;93;371;2024
Kreis Oberbergischer Kreis;235;38;273;2024
Kreis Olpe;127;2;129;2024
Kreis Paderborn;534;87;621;2024
Kreis Recklinghausen;547;134;681;2024
Kreis Rhein-Erft-Kreis;285;185;470;2024
Kreis Rheinisch-Bergischer Kreis;176;61;237;2024
Kreis Rhein-Kreis Neuss;477;86;563;2024
Kreis Rhein-Sieg-Kreis;489;183;672;2024
Kreis Siegen-Wittgenstein;189;58;247;2024
Kreis Soest;330;112;442;2024
Kreis Städteregion Aachen;872;142;1014;2024
Kreis Steinfurt;378;94;472;2024
Kreis Unna;433;184;617;2024
Kreis Viersen;379;67;446;2024
Kreis Warendorf;308;91;399;2024
Kreis Wesel;435;143;578;2024
Kreisfreie Stadt Bielefeld;275;84;359;2024
Kreisfreie Stadt Bochum;429;142;571;2024
Kreisfreie Stadt Bonn;421;67;488;2024
Kreisfreie Stadt Bottrop;113;22;135;2024
Kreisfreie Stadt Dortmund;745;133;878;2024
Kreisfreie Stadt Duisburg;249;54;303;2024
Kreisfreie Stadt Düsseldorf;1334;121;1455;2024
Kreisfreie Stadt Essen;626;119;745;2024
Kreisfreie Stadt Gelsenkirchen;159;54;213;2024
Kreisfreie Stadt Hagen;124;44;168;2024
Kreisfreie Stadt Hamm;171;44;215;2024
Kreisfreie Stadt Herne;98;35;133;2024
Kreisfreie Stadt Köln;1301;218;1519;2024
Kreisfreie Stadt Krefeld;83;43;126;2024
Kreisfreie Stadt Leverkusen;109;25;134;2024
Kreisfreie Stadt Mönchengladbach;265;51;316;2024
Kreisfreie Stadt Mülheim an der Ruhr;51;21;72;2024
Kreisfreie Stadt Münster;279;62;341;2024
Kreisfreie Stadt Oberhausen;190;70;260;2024
Kreisfreie Stadt Remscheid;145;23;168;2024
Kreisfreie Stadt Solingen;118;45;163;2024
Kreisfreie Stadt Wuppertal;198;72;270;2024
Kreisfreie Stadt Frankenthal (Pfalz);46;14;60;2024
Kreisfreie Stadt Kaiserslautern;132;36;168;2024
Kreisfreie Stadt Koblenz;113;59;172;2024
Kreisfreie Stadt Landau in der Pfalz;110;19;129;2024
Kreisfreie Stadt Ludwigshafen am Rhein;99;75;174;2024
Kreisfreie Stadt Mainz;226;57;283;2024
Kreisfreie Stadt Neustadt an der Weinstraße;72;21;93;2024
Kreisfreie Stadt Pirmasens;28;13;41;2024
Kreisfreie Stadt Speyer;74;22;96;2024
Kreisfreie Stadt Trier;112;12;124;2024
Kreisfreie Stadt Worms;32;43;75;2024
Kreisfreie Stadt Zweibrücken;84;50;134;2024
Landkreis Ahrweiler;107;32;139;2024
Landkreis Altenkirchen (Westerwald);67;46;113;2024
Landkreis Alzey-Worms;72;50;122;2024
Landkreis Bad Dürkheim;95;51;146;2024
Landkreis Bad Kreuznach;116;62;178;2024
Landkreis Bernkastel-Wittlich;140;57;197;2024
Landkreis Birkenfeld;41;6;47;2024
Landkreis Cochem-Zell;102;3;105;2024
Landkreis Donnersbergkreis;36;15;51;2024
Landkreis Eifelkreis Bitburg-Prüm;115;16;131;2024
Landkreis Germersheim;42;43;85;2024
Landkreis Kaiserslautern;46;35;81;2024
Landkreis Kusel;23;17;40;2024
Landkreis Mainz-Bingen;116;82;198;2024
Landkreis Mayen-Koblenz;163;81;244;2024
Landkreis Neuwied;98;101;199;2024
Landkreis Rhein-Hunsrück-Kreis;99;63;162;2024
Landkreis Rhein-Lahn-Kreis;82;15;97;2024
Landkreis Rhein-Pfalz-Kreis;136;57;193;2024
Landkreis Südliche Weinstraße;85;36;121;2024
Landkreis Südwestpfalz;41;19;60;2024
Landkreis Trier-Saarburg;160;15;175;2024
Landkreis Vulkaneifel;163;3;166;2024
Landkreis Westerwaldkreis;165;126;291;2024
Landkreis Merzig-Wadern;95;30;125;2024
Landkreis Neunkirchen;85;10;95;2024
Landkreis Regionalverband Saarbrücken;290;55;345;2024
Landkreis Saarlouis;143;48;191;2024
Landkreis Saarpfalz-Kreis;135;34;169;2024
Landkreis St. Wendel;86;16;102;2024
Kreisfreie Stadt Chemnitz;289;81;370;2024
Kreisfreie Stadt Dresden;675;189;864;2024
Kreisfreie Stadt Leipzig;684;143;827;2024
Landkreis Bautzen;242;69;311;2024
Landkreis Erzgebirgskreis;255;42;297;2024
Landkreis Görlitz;158;52;210;2024
Landkreis Leipzig;205;75;280;2024
Landkreis Meißen;148;54;202;2024
Landkreis Mittelsachsen;142;110;252;2024
Landkreis Nordsachsen;97;58;155;2024
Landkreis Sächsische Schweiz-Osterzgebirge;171;61;232;2024
Landkreis Vogtlandkreis;148;63;211;2024
Landkreis Zwickau;441;107;548;2024
Kreisfreie Stadt Dessau-Roßlau;81;9;90;2024
Kreisfreie Stadt Halle (Saale);152;61;213;2024
Kreisfreie Stadt Magdeburg;141;64;205;2024
Landkreis Altmarkkreis Salzwedel;53;35;88;2024
Landkreis Anhalt-Bitterfeld;89;53;142;2024
Landkreis Börde;127;59;186;2024
Landkreis Burgenlandkreis;97;91;188;2024
Landkreis Harz;162;35;197;2024
Landkreis Jerichower Land;26;22;48;2024
Landkreis Mansfeld-Südharz;97;50;147;2024
Landkreis Saalekreis;151;39;190;2024
Landkreis Salzlandkreis;96;92;188;2024
Landkreis Stendal;121;22;143;2024
Landkreis Wittenberg;38;12;50;2024
Kreis Dithmarschen;295;28;323;2024
Kreis Herzogtum Lauenburg;159;40;199;2024
Kreis Nordfriesland;458;83;541;2024
Kreis Ostholstein;379;117;496;2024
Kreis Pinneberg;289;109;398;2024
Kreis Plön;130;14;144;2024
Kreis Rendsburg-Eckernförde;468;91;559;2024
Kreis Schleswig-Flensburg;282;95;377;2024
Kreis Segeberg;236;100;336;2024
Kreis Steinburg;119;25;144;2024
Kreis Stormarn;267;115;382;2024
Kreisfreie Stadt Flensburg;142;36;178;2024
Kreisfreie Stadt Kiel;362;60;422;2024
Kreisfreie Stadt Lübeck;148;49;197;2024
Kreisfreie Stadt Neumünster;161;61;222;2024
Kreisfreie Stadt Eisenach;70;0;70;2024
Kreisfreie Stadt Erfurt;172;61;233;2024
Kreisfreie Stadt Gera;103;43;146;2024
Kreisfreie Stadt Jena;121;25;146;2024
Kreisfreie Stadt Suhl;37;6;43;2024
Kreisfreie Stadt Weimar;72;23;95;2024
Landkreis Altenburger Land;42;37;79;2024
Landkreis Eichsfeld;111;34;145;2024
Landkreis Gotha;66;39;105;2024
Landkreis Greiz;36;28;64;2024
Landkreis Hildburghausen;60;19;79;2024
Landkreis Ilm-Kreis;158;67;225;2024
Landkreis Kyffhäuserkreis;46;16;62;2024
Landkreis Nordhausen;47;44;91;2024
Landkreis Saale-Holzland-Kreis;72;68;140;2024
Landkreis Saale-Orla-Kreis;90;76;166;2024
Landkreis Saalfeld-Rudolstadt;76;36;112;2024
Landkreis Schmalkalden-Meiningen;118;48;166;2024
Landkreis Sömmerda;54;20;74;2024
Landkreis Sonneberg;48;19;67;2024
Landkreis Unstrut-Hainich-Kreis;57;42;99;2024
Landkreis Wartburgkreis;57;12;69;2024
Landkreis Weimarer Land;50;40;90;2024
